445 946 947 4496 407 793 31 81 253 4497 68 4498 296 63 262 2780 4499 63 4500 4501 71 351 411 60 4502
4503 411 4449 310
547 4500 4176 938
1746 745 34 871 482 96 1072 4504 804 265 2631 1237 325 68 4505 617 933 3626 191 92 1228 207 1005 191 92 81 1183 4506 263 4507 401 262 2899 1061
607 1374 745 94 1237 4508
14 100 115 2277 413 1081 947 730 191 125 4276
27 28 1436 314 3782 4509 58 563 1061 263 40 854 1438 83 115 1519 1081 351 1128 4222 1019 4510 3890 27 28 1529 4511 101 2565 217 2203 1525 1103 83 3706 546 40 1529 4512 962 801 1002 470
2770 228 482 914 1215 1123 4260 207 2450 83 473 751 180 80 81 234 63 1151 2867 60 1057 1907 1728 21 4119 81 115 3256 4513 1525 1103 115 3587 413 83 1081 63 235
71 63 1090 4119 4514 81 2299 83 83 872 709 4515 351 371 1805 2270 3970 927 947 4516 1261 1435 81 4483 143 106 2631 719 4517 4483 243 4518 1261 4483 83 115 4519
1529 81 1081 4520 4521 409 4522 138 534 4523 4524 10 11 671 79 31 81 40 81 2929 3504 4525 4526 4520 4521 409 4527 4522 138 4528 534 4523 4524
4247 437 1071
4247 437 3901 81 115 4202 758 637 929 4529 4530 4531 278 4532 464 4526 932 171 1857 4533 4527 4522 138 1345 16 608
84 4534 920 4535 4536 671 4532 4537 34 712 2161 4538 3851 602 115 603 4539 3012 2443 557 4529 4178 4207 129 602 115 4540 927 84 3968 87 138 602 115 1726
63 3370 1148 2254 3403 137 4541 2570 3020 304 115 3370 4200 3738 1168 87 4542 4207
23 622 4543 4544 138 207 4545 4546 4547 115 555 3687 353 733 4528 354 138 4548
933 556 4549 2611 4550 1433 2467 4207 115 4551 138
1270 2993 128 238 745 1373 290 524
4552 58 394 4553 437 3648 4554 933 2929 1193 4555 933 617 17 80 2373 629 617 232 79 896 293 115 44 577
4556 2653 4557 602 115 2652 349 4558 4559 797 4532 4553 21 136 797 4560
4548 4527 4561 733 2929 1713 4528 1615 192 4562 152 4527 3890 4563
517 138 586 4564 2902 3785 600 4528 143 4565 4566 145 114 4567 4568 106 145 490 4569 4570 404 4571 4570 4564
4532 115 44 889 2972 1713 2148 3483 171 372 151 4526 696 479 4178 16 2929 57 1030 4572 4573 1340 4532 138 2613 4524
4547 4574 889 4575 3402 4532 413 1030 4572 4207 115 4576 169 2042 3889 138 464 4577 2625 4578 4527 4522 4579
788 4532 115 87 138 14 4580 7 3968 602 115 4526 671 79 2415 202 4532 4581 4207 115 4527 2691 138 4528 4582
31 4583 202 4532 232 974 4584 90
4538 765 1741 4526 81 1081 1444 117 272 2206 3502 68 228 765 252 253 227
4526 1160 81 1081 904 23 4585 26 377 4029 4586 4587 6 228 1019 4588 1079 620 3315
2441 4589 538 539 4590 34 482 2861 4591 1531 4592 81 1081
4593 4594 27 4586
4595 2687 338 4596 2796 1575 1196 1060
4526 2180 4597 116 4581 87 1266 3624 4527 138 1317 588 4530 4598 4532 4599 4584
4600 602 115 1520 4601 81 115 3436 2974 1317 588 4530 4602 1200 519 4603 135 248 2651
4532 1443 4604 27 4530 3680 1340 464 3503 4547
622 2824 1411 4200 4605 207 2232 207 4606 1081 502 876 437 367
2651 84 4607 499 2170 81 4526 4608 1355 4609 128 3376 3868 4610 81 1081 403 4611 4612
171 637 4613 437 286 4529 1081 464 81 1070 4614 4529 286 4155 4615 4616 4617 4616
106 256 413 972 617 2929 1875 4618 207 616 517 3666 972 617 4528 835 115 4619 86 4620 394 58
80 81 640 353 4621 436 4622 10 11 151 718 107 108 288 1680 377 88 4623 151 7 3651 3854 27 28 29
849 4624 1634 4625 4626 4624 4627
215 849 4624 4627 4628 80 433 3849 4629 3964 3963 907 613 4630 176 80 115 994 84 51 4631 1933 88 197 4632
981 441 80 81 1257 470 186 2929 1595 4633 4634 88 192 4635 5 104 4636 88 4628 994 92 339 2600 394 2473 92 108 407
1270 5 104 3868 1237 2020 80 381 4637 4307 357 55 1137 82 83 1893 296 404 394 1902 228 88 1215 994 1019 404 71 1137
114 5 91 355 2027 88 3270 143 394 3849 907 4638 4629
4157 3065 5 71 328 1124 413 441 80 81 137 872 404 1604 79 312 367 404 88 1215 4639 71 889 2600
143 1399 2507 79 293 353 145 34 2254 470 81 640 7 4640 4621 361 80 4641 255 283 55 3065 5 353 228 413 293 2004 4642
286 745 7 1319 792 171 1680 1283 136 114 5 1233 228 896 2562 293 34 4643 4094 702 71 4644 981 40 804 1449 4645 1694 2759 79 80 81 353 44 640 127 1305 17 394 272 4622
83 115 1105 752 317 353 40 339 2559 171 1388 82 83
607 737 656 106 228 354 253 290 562 23 106 120 517 656
117 115 145 899 4646 4647 120 656 783 84 1181 838 2759 912 268 2591 27 28 27 1541 351 1219
371 1219 115 370 464 107 1105 4648 253 602 115 1996 79 293 115 2243
14 5 1233 329 307 248 1504 751 180 2740 2427 19
207 144 2106 658 607 117 207 144 938 357 86 186 4649 207 228 2787 296 4650 437 186 893
143 3684 2106 656 207 145 656 83 115 1711 128 238 223 40 583 255 4651 108 1399 34 2659 2422 4652 296 255 50 2597 4653 83 1233 1614 4646 656 562 128 255 4654 19
517 71 902 4655 1919 83 1173 1002 117 1255 2911 4656 172 34 4657 4658
115 84 1343 1255 370 27 28 27 1541 4659 286 4660 171 568 687 51 691 128 907 1708 1181 2631 4661 63
2240 1141 1120 838 267 4662 1119 3284 4663 4664 117 145 83 115 58 1002 238 1728
143 5 586 63 1433 1193 63 3792 3793 34 4665 4666 4667 4668 4669 96 304 4636 854
422 409 4670 422 409 4670
293 4671 171 16 603 23 79 293 311 312 313 4672 171 16 603 1985 4673 4674 403 143 92 71 71 71 1713 16 84 974 1400 1249 4269 143 114
40 371 1699 108 312 313 156 79 896 293 1860 4675 2284 4676 4677 117 1403 608 4678 491 4269 4679
68 62 5 91 883 517 4680 338 4681 63 1880 2213 293 58 338 1464 2213
81 1081 3706 1529 281 111 4682 607 4683 10 11 267 23 60 44 1011 413 1530 1242 4609 4573 858 629 617 80 81 81 1081 17 4143 1081 3645 1072 3504
68 427 191 256 1399 4684 377 2769 81 1081 1228 607 136 546 43 4685 81 1792 290 260 4686 265 1081 368 1639 228 3270 7 1529 344 207 368 4687 1019 290 2546 4688 993
107 439 81 1081 115 2408 3861 381 111 1519 4689 248 864 4690 57 115 1517 4691 281 111 4682 4537 542
1325 325 2911 207 3424 63 681 21 136 993 4459 283 2408 4692 546 80 932 88 1077 629 617 4693 546 4694 745 3954 1072 4508
4695 27 4619 301 1187 80 115 752 573 4696 88 1612 673 233 4697 726 563
366 44 301 80 115 4698 673 233 4699 1330 1237 114 4700 455 4701 80 115 1612 4702 143 106 355 4703
2243 63 301 44 858 301 1350 120 4704 4705 114 3849 4706 233 80
1382 566 80 81 10 11 68 94 191 4707 1219 47 115 922 139 1714 1061 281 80 81 115 4708 947 4709 228 1233 1225 4710 143 63 1243
286 745 544 191 4711 63 4712 2225 1243 51 21 3169 2280 4713 4714 81 115 4715 1932 4716
81 752 1396 2195 4717 207 939 191 117 207 328 68 1617 114 2167 4513 5 1069 120 1487 65 394 4718 296 4719 377 1916 4720 1267 1789 619 4721 4722 729 207 871 482 50 4723 1728 108 681 490 366
64 399 21
92 68 354 4724 4714 81 115 4725 4726 1428 1429 260 51 44
1276 4714 81 368 86 186 235
1615 63 927 4727 4728 3348 470 268 187 63 2196 1243 63 703 80 81 34 399 278 59 1477 1899 4729 1480 3175 4730
68 843 4731 80 81 428 114 88 752 4732 947 4733 4734 4735 88 7 512 1125 151 1125
115 1273 4736 4737 80 81 4738 88 2074 284 63 791 93 394 115 137 986 404 58 4739 4740 4741 4742 394 115 601 296 88 4743 4744 4099 246
552 68 90 50 115 51 1278 80 81 416 145 71 729 68 256 4655 277 88 1907 947 4745
6 4643 411 4746 2135 63 2258 235 4747 1382 566 80 81 115 1072 4748 192 344
4749 368 1338 993 429 4750 14 4751 4752 296 4753 2703 4754 4755 4587 924 2166 790 1122 50 115 482 709 515 4756 4757
293 107 4758 602 115 4759 1995 3159 2074 602 721 127 3393 293 364 441 4760 253 1002 232 114 188 40 2611 1699 602 721 315 232 4761 58 5 228 51 1278 4762 1995 607 2427 4763 4587 2636 3805 311 931 4764 2287 1964 5 228 4765 40 4766 1580
3594 602 115 425 210 1465 58 5 228 51 1278 414 63 1858
143 5 1291 5 2086 51 2666 1964 116 1685 1465 849 2454 1722 404 4767 1722 4768 758
4769 4770 50 2287 2628 616 2427 617 1750 84 4771 2636 909 125 2636 17 50 115 51 4772 2287 1774 939
115 413 65 5 611 183 125 793 2163 5 144 2258 64 7 4773 694 4774 2268 1399 115 4299 143 5 427 191 354 2163 968 858 293 115 4775 4776 2333 968 1200 2215
4777 4778 1102 293 4779 2184 1995 746 4780 127 3393 2322 1160 4781 2007 4251 1486
4782 2184 293 640 1160 4783 2281 603 79 4784 3620 4785 1486 84 4786 95 13 1997 4787 4788 4789 4790 367 4791 4792 255 3481 190 2814 4793 4794 1970 2636
248 4795 1643 4796 4797 4798 4019 4127 4799 4789 367 4787
1257 293 115 4800 1995 7 681 21 136 4766 1580 40 176 4801 145 3330 4802 1465 909 945 951 1486 1094
688 114 2391 191 2766 286 4803 1243 455 1589 228 482 4804 4805 4806 505 1970 1196 872 396 339 4807 1 1750 1483 96 341 640 951 21 1124 4808 2888 433 136 2106 96 1097 299
80 81 640 353 4621 436 4622 10 11 151 718 107 108 288 1680 377 88 4623 151 7 3651 3854 27 28 29
849 4624 1634 4625 4626 4624 4627
215 849 4624 4627 4628 80 433 3849 4629 3964 3963 907 613 4630 176 80 115 994 84 51 4631 1933 88 197 4632
981 441 80 81 1257 470 186 2929 1595 4633 4634 88 192 4635 5 104 4636 88 4628 994 92 339 2600 394 2473 92 108 407
1270 5 104 3868 1237 2020 80 381 4637 4307 357 55 1137 82 83 1893 296 404 394 1902 228 88 1215 994 1019 404 71 1137
114 5 91 355 2027 88 3270 143 394 3849 907 4638 4629
4157 3065 5 71 328 1124 413 441 80 81 137 872 404 1604 79 312 367 404 88 1215 4639 71 889 2600
143 1399 2507 79 293 353 145 34 2254 470 81 640 7 4640 4621 361 80 4641 255 283 55 3065 5 353 228 413 293 2004 4642
286 745 7 1319 792 171 1680 1283 136 114 5 1233 228 896 2562 293 34 4643 4094 702 71 4644 981 40 804 1449 4645 1694 2759 79 80 81 353 44 640 127 1305 17 394 272 4622
1109 257 80 81 228 4809 4810 1109 257 80 81 228 4809 4810
63 301 5 2233 1455 81 3849 229 1819 169 781 151 63 2141
50 238 902 413 88 2929 4811 68 843 51 4184 688 68 552 4812
68 1283 4786 80 81 255 145 1685 2450 296 88 4813 255 3481 4814 409
1283 4213 3189 4815 1355 4816 81 7 2006 461 228 709 307 366
51 691 34 461 4817 290 4818 4643 207 228 4819 80 81 950 272 2390 1255
80 81 115 2929 3801 114 106 256 413 1819 4820 1355 3169 4821
3988 1388 2929 2450 296 3064 300 114 5 1233 329 413 461 207 3442 290 225 4822
80 3273 394 293 4614 1995 858 63 301 1187 296 59 171 148 591 592 23 293 44 1358 296 2759 1995 1740 191 482 2926 260 3260 1183 231 354 1019 560 4823
44 4824 409 4061 854 765 1410 4825
789 191 904 764 1318 4826
44 1610 120 745 62 789 191 4827 68 69 4097 27 1 1750 1480 105 227 207 1480 4828 520 380 125
207 409 3070 171 148 4829 4830 4831 377 658 607 115 1711 23 881 143 595 105 88 1789 80 2815 58 413 128 106 144 938 1 895 88 58
632 368 381 482 884 4832 876 1906 1480 364 286 897 898 253 3799 4833 4834 4835 4345 3006 4836
51 171 368 2195 1368 4837 40 1789 904 82 83 728 191 329 114 368 13 763 1480 482 344 4838 368 82 83 4839 253 1789 4149 1557 1211 40 4840 2873 1802
80 3126 758 65 394 368 4442 4829 88 4841 412 737 368 107 4842 763 14 88 4843 4844 397
80 4845 480 394 770 4846 3070 858 770 4847 3070
51 1995 71 4848
80 293 782 1115 148 23 207 109 4849 3070 207 4850 1635 4022 3286 1939 3049
4300 3250 2101 88 413 1995 23 4245 394 3252 296
83 107 364 752 317 344 2242 924 3071 411 4851 355 519 3779 437
5 871 71 872 752 3721 792 4852 682 171 339 4853 1369 3071 411 4851 51 27 1743 791 65 939 407 1373 1487 151 1508 4854 1045 364 317 117 4595 3370 864 440 1305 864 4855 114 82 83 107 4856 4449 370 351 1219 47 3448 353 228 830
4857 268 371 1219 115 56 370 2334 191 1070 4858 724 725 726 3641 4859 2167 1580 83 4860 563
354 355 1954 114 417 804 370 79 293 629 81 215 83 107 4856 2300 3455 54 19 300 728 191 317 440 2708 4861 19 4862 404 471 421 572 3553 19 4863
100 115 2374 791 83 381 765 4864 63 421 40 2300 730 191 3215 907 4865 243 2835 4866 34 95 231 1369 295 63 268 4867 4868 2215 115 908 413 380 762 21 4869 136 1266 2755 19 5 381 4737 300 115 908 413 39 3684 115 908 413 82 83 115 3964 4870 67
702 7 4871 1598 873
114 610 824 83 115 4872 4873 5 595 3724 374 218 4874 125 4236 4875 1200 931 4876 2841 290 1721 4877 4878 26 1010 991 2077 361 993 4879 2434 4880 3684
115 413 3432 3455 54 19 71 4881 353 4882 519 1885 4883 4884 34 747 309 1302 1620 4885 2464 117 455 127 34 228 4886 1305 2086 2911 114 4887 610
272 4888 5 228 114 115 4889 681 117 0 3071 411 4851 19 2391 191 380 106 94 1812 2300 107 927 106 58 344 2507 1281 96 1010 377 4890 1525 4891 1364 120 106 1805 21 1427 4892 117 2391 191 116 3785 106 4511 106 91 381 4864 732 4893 125 281 82 83 115 752 566 63 681 21 136 4894 4895 4734 528 2733 4896
1230 1329 1036 3315 314 368 293 4897 127 3393 3814 54 19 627 16
531 4898 4899 4900 4901 425 1465 4902 4903 4904 4905
688 201 4906 96 2287 4907 272 1160 907 4908 4909 2514 277 640 455 1483 2287 696 1498 1483 293 640 384 4910 455 2287 4911 34 4912 643 4913 4882 4115 128 4914 1618 96 2287 2680 272 4915 4916 4917
314 111 382 543 96 304 1299 2098 206 68 62 5 4918 4919 64 4920 58 96 304 1299 4921 2029 4922 4923 228 4924
1329 2874 4925 253 4926 1465
551 104 67 2313 223 904 293 115 3553 4625 301 114 255 4927 1399 354 169 3553 763 312 367 601 824 169 4928
293 640 825 1211 2740 3688 354 169 3553 4929 2985 2634 349 57 4928
197 14 293 640 115 3688 2634 763 3553 4930 54 96 302 115 171 238 198 427 191 329 1228 413 2473 792 377 1698 563
3592 4931 4932 4933 1634 4934 4935 4936 4937 2261 2534 10 11 3592 757 4938 353 51 523 952 4939 4935 3890 4932 927 207 1391 4937 2261 94 852 2534
1942 2424 4940 124 2148 371 235 117 4941 4942 4943 55 2584
5 51 523 373 55 216 4935 404 55 607 4944 4945 4946 4947
128 461 116 716 4948 407 80 10 11 1261 617 50 203 4949 4950 4951 2785 3545 1097 473 778
2434 568 3900 34 4886 1072 2804 4952 114 461 4953 63 4954 115 4955 778 537 2371 4956 4957 3043 4958 312 367
2819 4951 4639 55 497 407 4959 55 71 2075 664 688 3803 4960 1399 187 473 778
2819 4951 55 407 497 117 4961 1291 407 272 455 2075 34 4962 4963 4964 664 328 2974 92 344 63 4965 433 1812 4966 3799 1753 4967 1870 4968 1610 4969 662 1132 1102 445 207 4660
2467 4970 1152 473 778 293 640
82 83 428 40 4971 4764
100 127 2901 827 371 1278 1297 404 1639 4972
143 106 94 191 436 732 193 592 106 363 94 191 436 591 592 10 11
68 552 3628 464 3837 1369 44 709 1072 4973 751 4635 7 1645 4974 2607 1584 971 2384 2799 4975 4976 4977 171 171
372 4350 79 1945 4978 1409 3503 472 272 307 3807 547 1947 464 288 4979 4980 40 4981 322 4982 831 4983 4984
543 96 1305 4985 2780 4986 4987 1409 115 4988 322 2528
68 4276 63 1092 96 3334 751 752 107 877 0 4976 4974 595 364 272 63 65
1257 63 3964 991 283 96 15 4989 1388 50 4213 4976 4990 4991 557 83
2744 143 455 4976 4977 595 1739 557 81 68 1692 4769
2985 543 115 1361 2415 4992 404 107 4993 4994 4995 464 4996 60 2846 222 413 208 2479 1729 1730
14 0 4997 1869 437 1408
3820 4998 83 4999 40 4173 5000 1729
1055 2745 5001 198 4853 1118 290 3880 5002 290 3880 2172 5003 344 55 1617 96 947 5004 689 909 21 173 2584 762 377 3820
0 5005 5006 1049 464 104 5007 1030 4119 3880 4738 68 520 5006 23 3451 473 491 2528 404 3666 63 5008 5009 482 344 22 491 628 5010 14 1704 5011
63 5012 1511 5013 104 488 920 290 5014 5015 404 3450 5016 2584 5017 2141 63 3847 5018 411 5019 46 5020 464 991 5021 889 115 144 5022 84 2947 889 5023
84 44 402 5024 429
517 5025 1200 187 1252 981 1118 5026 461 457 34 228 14 5027 290 2220 5028 4635 5029 290 671 3024
1954 79 115 2258 5030 543 115 1897 1120
1257 5031 66 5032
84 232 703 752 1204 44 5033 3260 1739 63 5034 143 106 94 191 436 732 193 592
3000 171 5035 2164 63 567 243 5036 143 145 5017
400 3626 191 1507 578 5037 4976 164
1061 115 1103 402 5038 1428 5039 366 441 3567 5 144 2189 2189 5040 1061 115 5041 344 2947 107 413 93 207 92
248 290 1103 402 1428 3325 1241 80 939 402 117 114 1061 728 191 4021 484 1152 3926 272 455 2404 1472 243 5042 364
145 5043 1142 3807 296 1600 1428 464 50 21 461 136 1472
4 1474 1270 1708 115 897 898 10 11 461 5044 5045 930 464 207 5046 746 5047 143 106 1270 5048 225 79 115 897 898 106 1474 5049 805 5050 5051 1525 5052 1036 273 5053 1728 364 264 60 1954 5054 805 143 79 225 40 897 898 278 377 1270 3214 106 104 1474 114 682 63 3561 2453 5055
44 71 50 1236 897 898 1865 5056 63 5057 2254 3157 1865 63 104 1474 5058
5059 3147 3684 1694 231 5060 5061 128 207 533 4755
353 5062 5063
5064 372 1906 5065
248 5064 115 5066 3919 5067
115 470 5068 4123 115 5069 172 106 595 2374 63 5070 1011 40 5071 5072 5073 326 5074 3588 5067 1185
3225 1382 703 1151 50 1600 124 171 5063
68 552 5075 1611 5076 5077 5078 351 371 77 5079 2149 3515 5080 58 68 552 3523
51 691 128 106 3172 413 227 5074 254 51 2982 171 339 358 4587 253 50 7 58
682 5081 203 2427 1531 2553
238 286 3684 907 613 5082 358 4650 115 2618 5083 23 565 325 5084 3272 5085 662 2158 117 566
3486 3448 4324 5086 4968 1480 171 80 115 5087 374 360 702 1845 299 5088 5089 4324 1347 4075
5086 14 482 3350 5087 5090 5091 5092
1347 4075 5087 286 254 620 893 34 3350 5092 1 1030 5093 1728
5092 115 56 2 1358 5094 24 7 5095 5096 5097 1074 27 1541 374 702 1591 27 28 210 5098 5099
5087 1444 58 5092 519 702 762 207 1131 2048 5100 580 997 117 547
211 5101 5102 5103 3448 210 933
1347 4075 30 5104 5105 1030 947 5092 1188 1393 26 5106 210 211 5101 5102 5105 278 5102 5107 34 1354 197 909 197 65
1728 111 520 5108 5109 56 4587 470 1995 4863 171 57 1159 370 286 5110
63 1823 84 7 5109 5111 56 3164 125 2427 617 3620 5112 5113 1302 1750 3572 3620 5114
510 3448 1302 5087 198 286 5115 2422 404 5087 360
3620 5112 364 5116 301 4575 2 5117 5110 627 16 1174 4324 300 3448 3620 5112 891 214 56 2 5118 5117 4324 4832 77 876 2271
475 63 372 16 4208 1456 1030 5087 360 3448 923 5119 1766 50 5120 4937
353 529 300 60 1030 1995 5121 5122 2461 5113
2857 2427 617 5087 4792 228 5122 1429 1170 4200 2287 95 5123 1230 4251 2167 1183 5124 5087 619
207 2442 2287 5125 5123 2290 5088
2673 1340 5126 15 3448 5127 288 833 1995
475 5087 56 1750 3620 5112 5128 1995 1444 960 5129 3298 2 300
933 2519 299 1486 1102 243 80 81 2373 629 617 351
143 80 1229 394 2208 2832 1065 374 360 2636 4557 351
5130 60 1030 824 81 640 3152 1065 374 360 71 608 595 1230 797 88 44 577 4557
1953 1766 5131 290 193 536
80 2073 2974 1200 79 824 88 350 56 370 602 115 2075 440 5132 71 927 394 3189 69 5133 1998 2025 207 664 473
664 80 664 1995 607 56 4587 34 2371 4956 734 286 1953 1766
427 191 664 1995 80 827 3918 664 83 378 300 379 5134 517 1 3846 5135 191 267 5136 17 207 5137
3 1 2486 2488 606 210 933 2454 2655 302 1456 1467 2365 725
1584 351 4202 543 115 5138 228 482 5139 7 1160 856 2517 5140 3788 251 1060 737 2258 344 907 344 192 1123 5064 5141 5142
255 106 62 702 667 12 115 2496 3 2591 399 891 5064 5143 63 2424 470 307 5086 2486 2487 2488 40 798 399 606 210 3221 27 1541 5144 84 810 607 620 254 5144 1302 2464
2770 351 1456 1457 257 1019 4136 377 2443 366 115 114 207 1497 5145 5146 5147
4040 3085 27 28 27 1541 2591 606 40 2527 210 1465 891 207 5148 231 7 374 2486 2488 58 2443 2113 3221 27 1541 5149 40 40 1792 5144 5150 204 1302 290 2464 1792 891 210 765 966 409 290 5151 1654
51 106 144 145 15 1550 5152 5153 197 14
30 2434 5154 1605 27 28 1728 50 51 470 5144 5155 5156 368 681 92 40 1822 404 2464
2488 115 1792 5157 5158 5151 1654 3221 2496 278 44 286 5158 5151 63 84 703 3478 17 2313 3218 1497 2532 3219 401 262 40 2443 111 2724
5159 5160 4106 5161 1959 856 143 1897 405 583 4109
1256 191 482 981 260
63 372 0 5159 5160 1246 43 60 2554 2268 386 143 730 191 120 40 993 5162 5163 4106 5164 115 743 5165 115 366 115 171 40 5166
5167 5166 125 82 83
68 69 716 4106 5162 5163 1183 536 5168 40 5169 1654 2208 5 595 228 1654 115 3901 71 1746 5170 907 125 5171
63 54 1369 613 413 106 835 136 413 40 1655 4922 130 5163 413
5163 84 40 193 2353 17 5172 1341 413 1826 5173 5174 171 1617 143 40
5163 357 107 4165 1030 364 1505 797 40 4605 228 482 296 222 876
106 94 5175 729
1109 5176 867 445 80 5177 1598 5178 296 1598 1445 3402 2168 207 1438 27 1236 3403 557 80 81 115 746 860 868 1457 862 27 1236 3665 232 101 377 1430 1431
3000 5179 1431 2698 5180 596 5181 511 1974 868 869 5179
475 3918
580 5182 1598 2167 1183 264 60 243 1364 145 228 482 660 1851 660 5 71 1653 88 81 115 299 3667 5183
379 520 5184 2699 992 394 328 4541 3488 1598 2167 1183 264 60 5 5185 243 5186 1598 5187 927 5188 2712 71 253
5189 4597
1598 5190 84 3486 1065 607 5191 1595 1174 1750 617 933 1444 1019 278 5192 603 34 2206 5193 4030 302 2898 3155 3890 80 81 260 5194 5036 299 5195 5196 464 923 5197 80 81 88 3315 629 617 50 192 171 124 17 81 4917 299 4115 5198 81
5189 4597
248 538 539 2405 5199 81 2862 3075 1505
563 502 3575 5200 2803 5201 3575 5202 5203
5204 65 5205 7 5206 1103 80 81 688 27 1236 846 543 1744 5205 1152 79 312 367 300
5176 5207 868 869 863 4597
1747
256 5 328 5208 1587 5209 115 3810 40 5210 2199 5 595 120 227 1237 207 353 145 1875 117 68 951 125 207 2334 5176 5211 5207 1587 5212
607 1374 455 870
5189 4597 5176 5207 868 869 863 5213 4063 2450 296
1747 3918 79 293 5177 628 1183 286 745 1497 413 80 81 115 860 868 1457 862 703 65 889 5214 5215
2026 5216 472 630 5217 5218 5219 726 2356 1747 5220 5221 1024 5222 1024 843 5222 5219 726
5189 4597 5207 868 869 863 5213 79 293 1131 81 115 860 868 1457 862
5223
207 329 5209 5224 4150 630 482 881 413 1123 2771 145 1451 1228 413 40 861 344 40 1173 628 255 145 1458 1451 68 5225 630 84 881 143 5209 137 5226 88 804 861 3916 58 380 125 5209 573 368 119 325 92 136 1180 40 3997 115 861 5227
5223
68 2780 5228 5229 728 191 381 1240 79 90 114 115 290 4500 187 981 1049 5230 5231 40 145 5232 171 127 328 5233 5234 107 344 207 329 861 1102 40 268 145 283 454 68 843 2978 92 344 630 631 981 5235 3122 1077 5236 5214 404 331 106 69 404 1233 228 1708 1709 117 115 145 5237 4636 630 116 120 881 128 63 1512
283 4265 192 3988 2450 296 0 4798 868 1457
68 329 23 68 2277 411 265 34 3395 5 71 5238 114 1354 1587 544 191 899 1398 2356 243 5 71 329 5239 746 804 861 5227 536 3237 411 265 4323 94 2086 128 5240 913 5241 2705 746 860 862 5241 1486 4 1283 80 882 306 4641 3679 227 5242 1486 361 2928 1399 1635 88 4323 1278 5243 5244 4722 1933 203 5244 2241 737 68 871 488 5245 3653 5246
1342 1598 2518 5188 257 145 628 3285 557 80 81 2467 541 4063 364 3618 80 81 145 5247 203 55 5248 4063 1536 257 145 2082 5249 246
688 108 286 745 1131 80 81 5044 860 5250 868 1457 862 1889 79 293
63 1744 591 592 5251 5252 1598 101 1948 227 145 628 3285 5253 143 394 755 3265 394 255 228 3064 79 115 5254 88 1818 2106 80
23 106 1954 517 2888 260 607 5255 1483 5207 868 869 5176
1747 27 28 1728 3028 1049 81 932 804 868 1457 3916 243 629 617
1747 1589 2703 1595 1446 4966 1912 71 868 869
1747 896 293 367 272 5256 413 860 868 1457 862 1211 60 2203 703 65 2555
1747 5257 5214 5215 5172 861 4968 3486 5207 1587 1160 5 91 4717 63 296 1587 88 207 92 145 520 617 1460
1747 80 1253 4072 5258 2206 1598 3292 34 5259 81 868 1457 3403 40 1757 4856 4200 95 1466 143 394 5260 854 538 539 2405
1747
5261 5262 5263 885 374 360 139 5264 2662 356 115 5265 5261 5262 482 4157 5266 885 238 2281 360 1512
63 711 1630 377 5267 1102 246 5268 4980 5269 194
5269 745 368 3000 368 669 63 1723 246 356 927 207 107 5270 5271 5272 5262 115 3900 1897 778 5273 227 253 2413 2406
5262 858 882 1272 5274 907 394 595 205 2721 2094 595 228 482 5275
531 778 5276 5277 61 394 5278 88 5279 916 2721 2094
366 394 90 5280 15 1125 1282
5281 300 5281
4017 927 80 293 2495 1 120 119 5282 136 127 5283 302 1456
114 5284 1728 23 1 34 3446 5095 1065 5285 27 1541 27 28 29 12 1170 119 1875 136 96 193 5286 34 871 2080 5287 2020 1953 125 231 4176 5288 117 115 2102 293 115 300
5 144 71 146 4483 5289 115 640 1011 267 464 438 4730 368 5290 758 1331 5291
5 228 512 63 3803 5292 34 3446 24 58 1 2488 2515 106
3626 191 4194 143 96 5286 2442 703 5282 2985 351
68 94 191 2374 114 255 3172 125 7 171 5293 5044 732 65 2702 702 34 2868 3388 210 34 368 765 5294 643 198 2467 40 2454 5295 4811
5296 80 1181 601 5107 982 34 4442 4324 56 2 253 536 302 1456 1466 1467 2365 725
5101 5102 5297 5298 5299 5300 26 5106 210 211
63 1952 702 34 5301 643 524 793 253 5302 703 1837 2427 2614 896 293 80 81 107 747 152 5102 5157 5303 2375 5299 209 5304 464 171 455 3209 81 107 4434 927 92 3434
5 1183 106 63 262 128 5305 3128 5306
5102 115 5303 2375 5307
5308 5309 5310 1916 67 5311 5312 1284 1531 5308 3209 470 5102 115 5287 227 5313 624 255 354 227 824 81 1181 92 763 5311 5314 5308 5315 536 2740 5316
5101 5102 3706 40 2074 284 2106 40 5317 2075 44 203 204 211 858 23 5318 4681 712 1531 3448
5319 355 114 80 2127 120 296 5320 88 233 543 302 1456 1467 2365 725
68 427 191 5321 55 751 407 17 78 2929 4500 60 1273 1261 567 145 272 80 81 115 2929 5322 43 4500 117 115 84 5323 1160 751 1093 1093 2415 1102 80 447 80 2164 1102 2929 447
21 136 4963 1361 14 62 81 488 1350 2462 404 86 2930 2929 248 3538
1468 1361 34 256 81 115 2929 2462 4254 3230 5324 27 3538 406 5325 465 34 256 83 488 1933 2462 404 3841 2929 381 5326 5327 59 3483
1361 84 5328 146 1049 107 824 3325 90 207 368 1604 488 1341 404 1019 413 81 115 1355 3845 1595
243 80 81 272 876 1906 394 115 171 455 745 106 355 3541 290 3628 682 4202 411 5329 88 115 694 117 185 876 4629 136 80
171 64 1030 80 793 5330 464 2284 3065 5331 607 5332 115 3665 394 368 88 2687 3315 4639 5333 5334 464 5335 4530 689 5336 4528 175 5337 115
858 50 1041 5338 88 1238 125 394 585 253 1238 125 394 5339
366 115 5340 301 128 301 80 1022 253 3116 7 444 409 3553 2752 151 2752 3561 80 3151 380 88 745 357 93 207 94 145 100 2102 120 253 143 106 490 5338 88 2923
547 5341 5338 300 991 482 344 5342 1708 5341 394 1364 5343 1120 436 55 854 127
422 409 4670 422 409 4670
80 1386 1000 232 5344 5345 4470 23 207 116 120 455 1770 5346 5347 5348 253 366 4697 726 5349 5350 1225 5351 105 71 333 5315 5352 4375 2102 413 31 80 81 80 115 322 107 413 1399 34 5353 88
5349 5350 34 107 23 394 44 5354 5355 31 5356 231 1211 580 997 696 2926 231 399 207 5357 2751 2254 413 81 5358 115 2182 5359 1826 88 27 333
394 5172 171 5360 23 5361 3883 1000 3138 4986 4975 296 5362 777 5344 5345 4470 5363 3127 115 5364 232 31 115 4158 5365 617 592
5366 835 44 5033 5367 23 207 116 120 455 1770 5346 5347 5348 253 366 5349 5172
23 80 1629 5365 5349 5172
3127 115 5364 1843 876 31 80 1118 719 4849 844 5368 1763 2726 617 31 5369 253 419 5370
51 993 491 3265 107 364 203 225 5371 92 63 4017 737 2113 302 1456 1466 1467 2365 725
63 3822 2072 480 68 843 288 3687 63 948 411 1210 68 107 94 191 5372 411 5373 627 68 228 51 2982 325 413 120 938 5374
68 2073 520 68 427 191 2086 3265 151 5375 437 50 1019 225 198 228 5376 528 210 158 290 44 5377 436 115 107 63 938 272 993 5378 50 77 2792 63 5379 3265 272 5380 171 227
5381 3265 107 3422 1338 203 377 1242 225 5371 63 2800 1358 3815 645
106 94 272 1649 284 2086 284 1152
143 290 282 789 191 1233 480 669 293 115 300 14 3265 3645 2375 745 5381 143 207 3172 207 7 5382 5109
1282 436 210 211
296 904 14 143 1708 882 26 5260 1013 246
4761 210 34 1296 5287 1898
464 100 115 441 114 5292 730 191 436
81 115 5383 5384 5385 4948 5386 5387 4517 2850 302 1456 1467 2365 725
5388 5389 671 79 5390 657
5391 23 5385 5392 304 5384
1259 5389 5393 3495 1513 366 84 5394 5395 3515 5396 115 333 81 5397 5398 1049 128 4 588 589 3209 5399 283 31 80 4694
531 83 233 371 1549 5389 810 79 31 81 288 5400 231 58 40 5401 3674 151 1344 2069
5402 5262 5263 5403 356 374 360 1466 1467 2365 725
143 68 1131 114 515 2614 1196 745 356 69 68 255 5404 1954
143 68 595 68 255 792 267 65 119 5404 2614 2094
688 394 257 520 394 255 145 4678 2762 5405 2434 2118 2081 207 228 5406 278 5407 2649 1893 377 356 658 372 207 2589 69 5407
143 745 427 191 69 374 5408 5409 1696 927 290 2464 3276 96 778 4445 356 115 5410 68 2073 792 814
3814 2625 2721 5411 482 103 1719 440 19 2832 2721 246 260 279 246 464 745 2821 3937 21 5412 360 5413 344 143 5414 191 1011 427 191 3203
4517 374 2614 5415 5416 5417 1243 151 3594 114 394 302 1456
374 5087 5408 5418 5419
1049 1677 4620 1269 23 865 912 391 5420 6 50 344 40 374 197 5421 40 5417 1757 88 5422 565 377 1242 1948 88 2154 344 595 5423 88 1210 5424 858 5425 5426 88 1283 5427 5428 71 351 88 1275 835 981 3684 544 191 4981 5429 228 5430 68 1617 4 50 44 909 858 5431 26 88 5432 5433 409 40 5434 5435 88 985 1038 40 5436
5084 344 5437 1766 5438 5439 5440 1489 115 5441 114 5136 255 228 227 1627 117 455 5442 1999 106 528 5443 44 3399 227 858 143 207 2083
107 3403 50 55 2982 2819 3823 830 227 2427 5444 5445 5446 5447
1472 3036 31 5448 1132 5045 731 83 3631 3631 1472 288 3461 31 1211 5449 255 792 377 1698 2027 586 1132 5045 4922 617 407 567 95 82 83
44 812 2673 592 31 255 2634 5450 5451 2243 1093 3177 464 207 92 145 5452 255 2634 227 1964 1199 1361
607 1374 255 5448 1132 5045
5453 2381 556 3400 5454 5455 1183 4556 234 63 1151 1428 5456
50 115 381 605 21 5457 993
5 71 329 2218 34 95 83 5458 34 256 290 4329 2448 328 203 4900
5 144 116 2243 3631 83 1632 232 233 617 371 1151 792 409 2509 5459 2243 2651 283 2545 607 745 427 191 2195 664 2313 1728 143 106 92
89 83 115 805 407 5038 557 231 3631 1472 228 5460 3800 31 255 283 792 377 1698 2027 143 585 4595 3127 5461
1093 1579 1368 1074 2396 377 44 402 3631 192 21 1343 14 117 1132 5045 595 2579 5462 5463 83 115 821 1698 5464 409 3616 3880
677 374 286 5465 5466 602 115 25 26 5467 413 4 300 5468 302 1456 1466 1467 2365 725
2240 23 374 5466 5469 106 3626 191 256 207 144 286 457 470 789 191 3403 23 1358 286 5465 5470 5471 5445
4172 253 394 1019 4386 325 520 413 130 394 115 5472
248 88 5473 5474 2263
68 3172 5475 71 65 68 368 1708 2604 835 912 2771 716 437 835 210 63 197 3918 3918 27 28 29 68 69 745 329 480 517 1474 1389 835 207 427 191 2195 192 1368 325 5 871 872 125 701 236 237 404 3338 627 2487 1792 3189 115 2242 5 130 228 515 68 3172 125 63 96 791
143 394 3147 300 344 1616 4 730 191 394 1464 374 130 68 256 5 71 329 1173 927 51 17 1709 16 92 3684 228 519 207 92 300
23 115 114 394 5476 143 394 1649 374 130 68 256 394 94 533 3231 124 2182 39
141 3097 4045 982 115 1038 4017 737 207 257 302 1456 1466 1467 2365 725
792 3208 207 94 191 192 1242 1074 1244 63 171 117 207 1069 6 5477 3478 51 1342
681 117 3097 5478 3097 344 63 114 207 92 433 136 120 282 611 1792
5479 5479 5480 2314 4176 71 5481 51 5482
104 1218 115 65 141 3097 159 5483
5484 60 695 5485 63 702 115 1641 1038 2815 40 175 904 40 5486 1629 1546 227 296 120 2268 982 3845 2172 243 207 787 63 1259 5487 111 159 464 3481 1630 377 171 5292 701 734 0 115 5488 5489 225 5292 5490 0 225 702
143 68 705 982 3876 2154 1641 858 68 1480 1369 5491 227 296 68 329 143 207 705 835 5492 5493 5494 207 1480 44 172 436 460 835 5495 835 296
225 524 691 2739 5496 5497 34 339 573 5498 1000 5499 5500 2190 254 207 144 41 279 3097 300 34 277 5501 2607 745
207 2631 1261 591 172 1474 927 5 884 361 4198 5502 128 5503 188 169 4885 290 1620 207 94 191 117 5 5504 5 5040 128 169 96 1038
1302 26 114 68 871 872 344 762 68 94 5505 520 1770 5506 225 524 691 5507 207 5508
293 1183 198 290 302 351 1466 1467 2365 725
79 293 415 482 762 2115 5509 3043 5510 491 290 51 5511 4 1709 255 3036 470 2242 5512 470 5513 1875 67 1555 169
232 40 974 3347 5514 171 16 338 5515 349 5516 349 203 338 653 312 367 255 573 228 1473 2634 296 1019 5517 338 5518 5519 111 644 425 299 94 272 5520 1211 731 349 5521 470 312 313 873
2243 79 293 115 75 974 366
5522 5523 1097 2107 142 171 5524 5402 302 1456 1466 1467 2365 725
5522 3026 40 2454 5525 5526 5527
23 745 228 937 380 58 5522
143 1181 674 115 2089
128 257 293 1200 79 5528 5 228 225 79 2319 1220 258 120 17 344 789 191 5528
143 1399 5528 1399 34 229 1724 5529 278 2576 2163
1432 4721 283 2408 3653 2726 2633 1995 366 302 1456 1466 1467 2365 725
2633 538 2391 191 107 378 253 4385 3647 18 1097 299 659 2003 728 191 2547 290 1411 538 378 253 3647 207 305 378 253 588 5530
5 91 2633 1342 694 5531 5532 307 4385 3886 2074 304 2632 2902 436 4530 5533
1342 106 94 5534 207 1233 288
1843 2281 5535 1083 5251 3681 312 367 2632 401 5536 27 1128 413 299 1510 312 367 1804 2999 56 370 5130 1224 77 4142 1432 4721 34 58 5537 5538 5539 5540 3466 5541
2633 5542 3292 5543 5544 4722 40 654 79 1097 2633 5542 973
633 5545 23 4459 120 2803 5546 1612 228 1019 5547 325 520 413 290 5548 694 186 947 1480 728 191 3433 627 1611
517 745 5549 83 207 5550 231 3252 2309 207 1183 290 3072
117 1612 368 380 1709 1576 5156 557 4459 34 1611 517 745 105 399 207 109 290 546
4172 253 207 144 145 86 2186 290 3324 5384
23 3561 1612 5551 80 368 681 117 747 83
50 51 60 50 1491 3587 681 283 83 355 5552 404 1474
1040 3807 227 253 1008 5553 125 5554 207
826 5273 1942 3684 308 2245 23 82 83 58 1653 1942 374 3886 904 5 329 114 115 116
310 128 682 207 6
44 26 2534 937 171 1074 5555 119 136 0 1812 5556 4885 290 1620 2422 2391 191 1074
5557 63 887
461 256 16 2901 227 207 144 5324 253 682 260
27 1428 1497 439 5558 95 1942 374 3886 2988 5559 371 4597 23 272 439 493 2759 5560 5333 3538 84 3486 468 5561 1361 255 5562 1097 402 887
344 5558 69 5563 5564 2379 4176 125 114 1261 3231 607 2261 5565 1181 92 1388 23 83 417 300 44 115 4245 1474
913 832
5566 468 5561 3325 34 95 197 3248 2285 5567 566 374 5568 814 468 5561 5569 1361 468 5561 2401 1361 5185 3567 5570 975 5571 2328
92 106 1611 80 63 128 106 3360 745 34 5572 106 106 427 191 2631 227 2328
77 591 1953 5573 5574 693 1959 2112
106 94 191 283 63 1867 296 745 932 105 834 3072 117 228 51 993 1806 143 1049 1249 404 145
63 762 171 5575 325 68 871 137 872 517 3588 253 505 539 185 125 50 188 572 1019 4656 927 106 329 128 5576 207 144 192 119 23 207 144 505 709 5577
207 144 6 505 5577 419 627 125 834 17 207 353 120 922 2535
114 25 1211 1708 115 5578 5373 23 207 144 2769 260 197 413 14 1411 65 1380 517 3588 1959 5579 100 115 107 5580 63 5581 351 227 2243 1953 5582
267 567 23 745 1341 5583 300 1411
143 106 490 77 745 413 572 207 144 539 858 519 745 283 2545 745 1638 544 191 719 922 2535 519 745 932 283 2545 4961 572 255 37 572 23 109 253 574
76 210 4693 351 2427 2614 5584 490 114 2535
203 204 580 76 151 844 3240 37 3486 5585 5586 210 5587 1568 27 2632
210 5588 1868 4 1243 5139 2427 2614
2208 5589 5590 5591 27 2632 1598 115 3313 19 5592 1465 1984 602 115 2633 5542 5593 165 1235 1358 296 4187
5590 3350 374 1243 115 2208 1820 5594 2399 238 4636 1243 5595 253 1355 135 1204 56 370 257 145 228 1538 5586 4539 2
551 328 817 2708 79 83 115 2633 538 399 145 5596 691 5597 4385 3886 238 5598 4587 470 656 4530 5533
238 4385 3647 3685 300 145 192 2632 2985 5599 2613 2632 1685 3949 4922 130 338 252 286 5600 2633 238 517 5599 1577 4926 95 5600 603
143 1 1653 5601 377 300 4539 2 207 595 5602 3949 4922 2726 2633 207 595 611 290 5603 2613 2632
272 993 5 94 5241 96 304 588 2011 5604 538 2726 2633 904 5 92 96 130 1753 5605
1061 115 1103 402 5038 1428 5039 366 441 3567 5 144 2189 2189 5040 1061 115 5041 344 2947 107 413 93 207 92
248 290 1103 402 1428 3325 1241 80 939 402 117 114 1061 728 191 4021 484 1152 3926 272 455 2404 1472 243 5042 364
145 5043 1142 3807 296 1600 1428 464 50 21 461 136 1472
2341 1183 5606 5607 145 2076 413 40 2125 344 257 380 5608 5609 191 62 302 1456
5610 2179 5606 5607 991 5611 763 5612 40 747 2129 40 5317 702 1152 171 40 284 115 1521 1898 731 40 3095 3096 5613 524 119 2299 1715 120 5614 2393 1249 4724 114 1811 2993 40 1968 284
2799 2179 5607 71 413 414 26 2799
63 1342 51 4225 23 2341 1183 5607 145 2076 413 40 2125 5256 595 6 1468 40 747 2129 472 2025
4549 238 1728 40 284 2129 565 44
403 411 2125 411 2125 93 2129 565 44
115 5615 737 490 702 529 94 1604 1411 1429 5612 519 472 5 228 762 694 238 745 580 5616 34 353 228 171 65 284 368 519 5586 2125 2129 92 519 325 290 284 858 207 109 17 207 1653 932 290 2062 2634 5617 457 404 3988
187 14 293 115 300 106 1364 1271 377 1008 477 283 515 519 5586 117 399 50 143 106 92 145 1468 873 5607 693 5618 34 106 1198 472 106 1468 4609 94 354 5619
5340 128 325 2004 344 171 3816 197 427 191 2277 413 2129 5620 745 115 4299 117 3172 497 5621 5622 472 5623 732 130 115 5624
1374 125 5625 7 932 5626 967 277 519 3803 197 682 23 106 228 1953 125 5607 253 50 2159 2102 5627 346
1237 2973 23 257 2903 1715 2299 227 2780 5628 1200 380 186
5629 5324 253 278 264 60 2241 2745 19 1708 368 520 5488
2745 1302 5630 404 4213 852 19 947 5631 2074 5632 404 5633 528 2649 4722 5634 5629 3761 58 1051 5635 4213 873 19
14 4961
246 304 409 286 115 641 7 1393 1 797 455 3696 703 641 7 1393 732 193 5636 6 83
528 5637 528 5638 198 21 4774 543 136 207 228 482 758 65 1093 1102 5639 198 1231 413 7 99 19 246
2545 115 413 82 83 5629 789 191 5640 908 413 231
366 5641 44 402 107 2180 5641
1061 60 891 1211 1100 80 81 5642 5641 44 314 407 402 117 1715 1094 3805 5643 1093 1102 82 83 402 148 5641 908 1027 4577 2253 2185 3912 861 5644
355 1019 5643 1093 1350 207 2475 65 4436 5645 437
82 83 882 725 2515 856 1100 40 821 290 937 939 402 344 762 80 81 1388 1458 1061 5643 1428 438 81 439 83 439 464 86 2413 2406 579 339 1093 1102 939 5646
3801 517 176 414 3567 82 83 255 520
80 2507 394 939 402 728 191 3724 63 4253 1806 88 682 310 80
1093 371 148 115 402 44 2949 207 92 145 355 519 82 83 248 1180 4587 264 60 1061 1118 368 80 414 371 148 115 402
248 1180 4587 1118 264 60 1061 473 751 180 80 81 5647 5648 179 82 83 401 115 751 402 1061
5645 1428 724 725 726 5649 3754 5650 5651 563
151 80 115 3143 58 394 939 300 1188 88 409 5159
2563 1065 171 459 5652 16 3607 106 94 191 5242 125 732 1031 868 869 1430 5653 5654 563
2563 106 436 5655 947 5656 5657 5658 5659 563
159 210 257 5490 2539 141 1673 1210 1466 1467 1468 63 1049
371 148 29 141 5392 142 150 2131 148 2408 170 5660 210 734 5661 3641 155 232 142
171 499 1819 4737 437 5662 141 725 814 5663 1870 5664 3245 5665 268 1689 5666
411 5066 5667 2154 141 705 701 366 115 40 3916 724 725 726 2562 5668 5669 5670 5671 563
5 4152 5672 5673 34 236 237 2552 2007 866 499 1819 4737 1013 372 1906 2751 63 3143 107 1333 151 1716 5674 5232 2290 5675 257 145 4882 125 5676 3100
68 1260 702 5677 754 411 193 77 1711 145 5678 68 427 191 1875 114 1061 1163 106 68 197 5679 50 225 5680 5681 563
68 728 191 316 68 2159 1487 1708 1061 65 802 23 2555 2206 5682 5683 50 409 5358 29 5684 23 2490 58 100 115 1747 210 3219 978
674 858 5683 1287 539 784 539 3159 1636 1637 65 210 145 71 5685 3240
151 1583 5686 210 364 1193 5687 670 2077 1857 5688
5689 368 2447 5690 171 159 158 64 881 227 1198 2759 5134 253 210 218 5691 141 211 5692 5693 40 1210 5694 143 1094 5695 5689 1183 231 5696 5697 2575
2313 828 1318 1673 3187 3225 152 5698 4661 539
789 191 177 394 1183 127 907 5146 789 191 5678 5699 993 745 5700 51 993 1639 3878 745 5701 5702 207 107 1188 231 745 2238 4250 231 1673 1188 210 64
791 5689 417 141 5703 210 858 3071 159 67 221 394 364 1487 670
882 5689 5704 828 3215 1013 394 5705 394 5706 60 5707 5380 1649 301
1061 2203 210 520 172 1188 5678
76 977 1188 5708 5678 5678 5709 257 145 1959 1188 29 141 5710 563
77 3899 1819 4737 2203 228 5662 725 5711 141 210 115 805 5678 1188 4712 1641 1673 44 141 5712 2285 556 34 1445 628 863 5713 1211 1146 3807 5714 687 5715
68 705 702 792 409 5716 58 4041 1871 3200 5717 2434 3967 141 1198 1225 268 1027 5718 5024 141 5719 210 701
141 5712 1270 947 210 5720 754 115 701 1673 5721 723 724 725 726 5722 2230 5723 5724 563
5725 702 4196 5726 2429 2233 2365 464 84 2698 3394 725
23 239 198 960 5727 290 3872 1405 182 5728 306 227 617 617 1548 272 993 113 128 21 182
3963 1049 5729 954 5730 60 4737 141 159 210 257 5490 1673 1453 1768 5731 4663
1425 4127 83 1168 1971 478 1991 5732 1466 1467 1468 63 1049
179 180 82 83 482 5733 5734 5735 764 14 5536 5736 627 304 588 1196 5737 3198 5738 5739 2000
916 71 63 83 1605 51 536 4065 1681 3450
1425 60 101 1497 82 83 5740 4065 1991 2329 1118 366 312 367 1681 2682 536 4692 1971 478 5387 114 2442 1719 5690 1991 4155 207 2978 4211 231 207 2978 920 82 83 207 2978 3937 3348 82 83 417 4147 5741
5732 1681 364 290 1809 43 785 5742 2988 1429 1467 617 4122 622 671 1315 2081 130 5743 497 1726 386 1281 227 377 5744 706 460 566 5745 5746 3735
5732 5322 1238 5747 290 2225 5245 4515 253 130 4172 253 5748 83 5749 5750 993 92 344 924 454 207 71 1953 2874 703 5751 5752 207 2091 2887 5753 5754 34 1875 681 117 2832 290 193 804 390
68 256 3025 390 227 766 972 2439 737 207 5755 1341 546 290 193 804 2843 207 427 191 3071 4985 207 427 191 792 5756 5757 207 256 272 993 5758 1399 3216 5759 417 671 5760 3292 5761 5762 34 111 1375 227 2504 5763 145 5764 2118 556 4882 125 1399 5 329
23 127 617 933 5765 5246 1991 5732 46 4095 115 5766 4406 5732 368 171 290 499 546 5767 5768 2874 26 143 83 79
517 536 5769 1257 3305 1411 2654 2623 277 804 1514 1355 79 588 1196 96 304 464 5770 5771 5772 5773 5774 1991 5732 601 2967 1991 5775 5776 1970 2650 255 79 83 1685 601 40 804 4605 215 143 63 407 2463 127 1228 71
2286 3085 1443 2625 374 5144 2443 557 210 10 11 702 3274 401 1738 27 28 29 2286 606 40 2527 210 1465 351 2625 374 5144 2254
2486 2487 2488 1443 2443 557 2113 3221 721 1539
2488 258 5151 1654 278 44 286 4122 40 1792
3274 46 3388 210 401 151 1497 585 253 5777 27 1541 3703
27 1541 5778 5779 1542 1543 351 3456 1466 1467 1468 63 1049
27 1541 115 5780 179 3127 1542 1543 5781 5782 2873 1230 617 5783 14 1238 377 5784 5785 5786 557 231 143 1497 2977 3138 5787 5788 1508 1525 3466 338 5421 1072 5789 1543 482 3649 2262 804 1587 3890 3456 4483 3265 5790 2203
1851 5786 296 473 4471 5791 5792 143 3910 792 1087 315 5793 2703 255 2026 3687 1677 2699 1979 315 664 5785 5786 143 5794 1897 5335 1038
107 1317 223 2271 1432 1450 1407 5718 1543 611 1432 342 4573 1340 3488 892 3127
3127 1543 83 115 339 5795 1253 260 44 709 3900 179 5796
35 1542 1543 399 5177 77 1115 2131 1107 5797 628 61
371 235 3486 3127 1543 381 1511 651 413 3456 3116 3854 40 3488 892 2064
179 3127 399 2507 1204 778 413 5798 854 40 2091 4762 67 5799 413 40 640 115 5800 4883 1072 1891 5 2243 63 1049 4703 2709 4449 179 180 82 83 5786 3285 1543 1299
5801 5802 83 5803 5804 1466 1467 1468 63 1049
232 179 2937 402 563 14 179 180 82 83 58 991 652 2736 3127 1044 1045 5805 5806 927 255 871 5245
171 517 3072 1125 5589 2091 2903 5807 117 1328 5808 607 1161 1183
4636 1049 1183 402 1125 192 729 1045 115 1049 5809 114 83 90 2923 368 1319 5397 5810 1072 432 876 595 145 5811 368 765 92 703 2736 927 595 145 838 1002 520 368 1373 2985 895 300 1819 5177 858 992 5812 5813 0 5814 40 745 344 5815 207 255 228 5245 5805 5806 2736
5816 1350 1102 106 50 2766 1152 277 77 78 117 145 107 55 1152
14 1954 607 5817 83 4659 5818 3487 50
4 71 63 1343 59 115 592 1472 5819 473 79 31 81 2424 5799 5820 413 3668 804 5821 40 1757 2074 947 5822 79 81 351 5823 4483 1303 4202 272 737 207 595 2780
1472 1129 180 34 4076 40 1161 117 1328 83 115 607 5824 5825 3561 5826
83 115 5827 1281 2102 5828 409 145 272 1977 5829 5830 117 115 5831 2876 96 1097 935 192 1500 709 778 1120 79
490 2973 77 5816 5801 2751 3798 2973 143 83 5832 1002 645 404 5177 179 402 1612 4291 77 5833 1865 5834 50 115 51 1345 5817 366
1045 171 2319 368 1019 1338 2329 68 329 765 120 835 515 411 2846 380 5835 2894 835 546 82 83 1653 5805 5806 2736 83 5836 1045 83 68 728 191 1045 1282 106 257 83 820 1148 1045 106 1653
866 881 83 257 106 2973 92 1228 4967 55 2584 1905 2736 1221 5837
5838 314 5839 5840 1261 65 83 1161 232 402 595 1719 5841 5430 5842 238 3666 3247 377 1621 164 497 402 1061 238 227 1630 2141 377 5840 432
371 372 232 1504 1137
1049 51 849 2656 44 751 402 277 81 83 401 2173
248 5843 82 83 5844 1161 290 2651 5845 2173 2173 1282
344 403 63 2462
344 198 2073 520 207 145 1159 42 413 1091 5840 2166 3451 83 115 1793 1125 2101 50 6 1805 1137 1087 127 108 5846 407
2000 115 5847 1329 512 5848 725 5849 83 939 1466 1467 1468 63 1049
80 81 1273 5850 1632 5641 754 115 402 946 947 117 3564 1093 725 5851 58 3805 3607 5652 968 696 5852 3481 1230 1110 312 367
1110 725 197 14 3607 2515 106 82 1539 83 3146 563
115 197 3607 5652 5853 1347 5854 1681
2000 479 480 716 2579 5462 821 83 34 113 94 3579 377 5855 3181 420 5246 2682 2284 557 1991 5732 293 640 151 1991 5766 4406 1269 3073 1819 1283 1991 5776 1970 2650
5856 5857 253 1019 5858 5859 207 5139 290 479 5860 455 5861 3553 5862 1668 5863 5864 5865 7 1805 828 59 404 145 2678 853 1065 3789 658 567 5866 258 4989 413 745
83 3815 645 5491 606 5867 2182 5144 1466 1467 1468 63 1049
115 83 115 1065 171 5868 486 487 107 368 40 1212 250 4207 5869 709 1432 2443 4477 5144 602 115 933 3195 1443 5870 5871 5872 5873 5874 5875 2826 4207 5335 179 4108 3515 5876
2892 520 82 83 1181 471 341 3815 645 1484 5876 34 4434 44 3800 115 5877
248 2443 5872 895 5698 5878 5879 5880 890 439 455 34 5881 5882 3868
1507 3515 5876
5876 5883 1070 4097 1498 2365 5884 117 4254 3230 5885 1635 3124 4296 904 234 63 372 1528 3486 1002 1747 5886 5887 115 1789 5888 2708 5889 2443 5890 5891
117 14 2074 16 113 1919 5876 5892 5893 4207
123 40 193 778 728 191 1530 907 2172 974
1432 5894 228 2619 3677 290 5895 2523 2528 497 71 5896 5144 58 933 3195 115 5897 2518 5898 5899 96 304 115 4339 1509 329 622 166 889 1520 2928 3697 477 282 5409 5900 5901
14 2687 34 810 40 5902 1432 603 4897 228 1806 1531 2163 40 4207 115 5895 2523 5903
769 5904 1497 3 24 2631 417 50 21 2591 769 5904 1497 3 24 2631 417 50 21 2591
210 228 1497 1019 86 4619 2393 47 2286 63 371 12 1908 2635 374 2606 34 269 5905 56 1641 1658 24 47 1641 745 71 5906 1640 0 3691 5907 24 1497 5908 2315 1317 5684 763
210 1438 107 114 1354 243 2393 2195 50 1340 2196 228 4878 2172 628
190 574 1225 3402 2451 464 5904
5909 325 71 326 327 328 329 330 331 332 331 332 115 333 325 71 326 327 328 329 334 335 336 337 327 91 338 120 339 253 284 340 341 342 343
1708 5799 115 107 4517 1399 255 69 805 63 187 171 34 728 191 192 92 288 801 26 607 115 56 3293 106 94 792 1487 7 5910
82 83 25 26 560 566 353 5319 402 3779 437
128 94 106 105 23 702 344 762 4333 115 1257 145 5911 994 1272 828 2067 255 573 5912 5913 5913 117 363 50 4575 5914
82 83 482 419 75 5915 14 764 115 5322 752 925 824 5782 5916 4701 1584 65 281 115 372 1906 702 5917 100 296 115 482 145 272 915 402 16 506 2380 51 691 128 907 3273 113 2102 5918 5919 5920 371 1621 5208 233
115 1257 5921 296 231 1424 148 613 136 1115 108 115 693 1271 377 1613 120 4397 339 1343 148 40 284
2313 745 1393 1525 617 505 1970 5090 238 745 2868 63 1219 3713 4530 5922 721 722 1626 82 1539 83 3146 563
107 114 908 413 143 106 144 288 645 745 106 69 5923 377 230 106 106 2277 413 19 143 106 69 645 5924 1124 138 5925 377 505 506 125 991 108 106 2277 413 5926 1401 143 106 69 5133 732 1266 4074 5927 645 5458 106 2277 413 1626 236 237
1789 301 1449 2408 80 2141 5928 1789 301 1449 2408 80 2141 5928
5929 5930 80 81 5931
80 81 115 3713 752 5932 2710 188 1102 296 5933 2574 4946 473 751 180 117
81 752 854 260 5934 5935 1220 4397 5936 2413 1065 2710 1152 51 171 438 3415 88 2154 432 441 4083 143 63 3403 71 367 253 50 394 120 5937 82 83 1893 407 68 1617 143 106 792 1321 125 63 658 617 81 114 106 255 2780 68 228 4289 4720 1600 63 109 228 461 5938
80 81 188 5939 366 171 570 2375 407 143 1249 17 856 83 115 2923 5940 1974 745 115 43 88 355 2242 50 21 3042 1906 5941 136 81 63 64 81 2933 478 394 5942 404 5245 96 2029 3315 517 4204 23 95 2453 5943 125 63
277 83 2399 1093 3042 140
1061 2214 5944 151 83 278 227 253 171 709 737 1061 2214 5944 151 83 278 227 253 171 709 737
63 1219 2286 27 28 29 5392 304 198 2468 2513 143 5 824 2 400 82 83 803 2 1273 2027
1061 5945 207 272 438 81 959 1270 1643
83 4152 264 265 1121 681 267 1061 4017 5946 1632 517 745 339 5947 745
325 71 326 327 328 329 330 331 332 331 332 115 333 325 71 326 327 328 329 334 335 336 337 327 91 338 120 339 253 284 340 341 342 343
84 1407 5718 3777 537 116 134 19 260 115 1756 115 976 5 144 116 228 86 121 58 68 256 5 144 116 490 139 515 351 371 5358 223
3146 2251 5947 1061 5948 253 81 216 3 49 2286 724 725 726 5949 5950 4978 3601 264 265 5951 563
293 931 914 83 40 421 1694 351 2281 360 80 1181 283 1065 192 1058
27 28 24 3085 606 210 27 28 24 3085 606 210
14 5 2780 253 145 272 2486 2488 1 5952 115 2887 5953 2486 2488 1030 2443 2113 3221
2443 1792 4015 2527 1444 288 966 409 290 5151 1654 207 368 4122 981 1792 4015 1170 238 5954 645 5955 464 368 51 5363 248 227 2486
4412 77 876 207 5956 207 2511 5109 5957 2787 2258 5220 428 7 3851 92 344 325 71 326 327 328 329 330 331 332 331 332 115 333 325 71 326 327 328 329 334 335 336 337 327 91 338 120 339 253 284 340 341 342 343
4486 71 107 876 1318 2486 3274 86 703 737 1638 5958
81 1081 3706 1529 281 111 4682 607 4683 10 11 267 23 60 44 1011 413 1530 1242 4609 4573 858 629 617 80 81 81 1081 17 4143 1081 3645 1072 3504
68 427 191 256 1399 4684 377 2769 81 1081 1228 607 136 546 43 4685 81 1792 290 260 4686 265 1081 368 1639 228 3270 7 1529 344 207 368 4687 1019 290 2546 4688 993
107 439 81 1081 115 2408 3861 381 111 1519 4689 248 864 4690 57 115 1517 4691 281 111 4682 4537 542
1325 325 2911 207 3424 63 681 21 136 993 4459 283 2408 4692 546 80 932 88 1077 629 617 4693 546 4694 745 3954 1072 4508
293 115 974 27 28 5959 198 23 417 63 413 370 293 115 974 27 28 5959 198 23 417 63 413 370
68 255 520 96 79 5960 117 938
68 843 4837 143 106 144 5375 63 197 14 106 378 296 60
243 106 255 256 63 255 669 5961 1538 268 96 1229 1444 106 255 682
1921 106 1480 69 1611 702 404 1243 106 5273 994 2175 745 557 63 1837 19 187 96 193 1996 1921 1953 1766 106 1229 255 1639 69 92 907
325 71 326 327 328 329 330 331 332 331 332 115 333 325 71 326 327 328 329 334 335 336 337 327 91 338 120 339 253 284 340 341 342 343
260 3000 732 79 730 191 228 55 470 4299 413 691 1152 145 272 257 145 2277 413 2591 243 27 28
2517 119 5962 787 2045 56 368 107 2148 3700 5963 417 482 4004 1203 3386 5964 264 60 34 21 677 5476 136 55 946 947 3570 68 871 137 872
5965 83 243 5966 80 1019 1837 5967 243 991 5968 1953 1766 34 1641 5969 1444 2901 56 3890
3903 520 728 191 228 669 2898 283 1511 268 65 117 106 427 191 228 329 1261 3231 1513 520 49 444 909 366 27 28 68 255 125 354 791 196 745 1641 2069 227 411 5970 5971
117 51 5609 191 192 1362 92 4017
31 80 81 228 709 4522 4483 351 2258 502 764
260 27 437 1744 1081 192 21 4083 136 1692 2507 248 1456 5972
671 79 31 81 40 81 2929 3504 4525 4526 4520 4521 409 4527 4522 138 4528 534 4523 4524 573 5973 5974 5975 5976
5613 732 1958 115 5977 14 5978 246 5979 248 63
52 203 5980 55 5981 277 4104 1254 115 5982 344 143 106 144 287 1254 106 871 3130 40 88 5977
63 114 690 23 106 228 1616 5783 34 4651 4511 5983 745 2940 404 5984 5985 5982 1254 824 3628 547 290 5986 5287 1000 1254 5987
5988 3815 645 858
1715 1374 107 5989 1450
50 412 1885 1531 5990 1954 366 106 94 3071 455 1513 5991 117 366 115 187 5340 5992
5993 203 3342 331 5994 5995 2699 115 5996 171 2611 5997 1776 5998 2215 1086 5999
117 68 843 2545 1069 71 107 920 648 253 5 328 107 5989 603 63 3601 71 927 730 191 603 415 329 950
3260 293 145 1583 591 592 80 81 4869 27 654 88 3260 293 145 1583 591 592 80 81 4869 27 654 88
2759 68 1364 228 5755 1487 876 1781 2450 6000 381 43 835 1584 2225 68 986 227 151 44 1805 223 896 293 583 117 255 3424 80 81 1019 6001 79 44 5033 151 88 6002 407
115 145 480 3208 253 114 80 81 1181 88 92 23 106 1255 81 346 603 328 228 709 654 885 296 732 1000 143 106 2982 3071 63 3143
325 71 326 327 328 329 330 331 332 331 332 115 333 325 71 326 327 328 329 334 335 336 337 327 91 338 120 339 253 284 340 341 342 343
68 1218 128 92 106 3724 6003 128 745 256 23 207 2974 5001 290 193 1000
3899 6004 6005 3071 80 792 413 88 2125 128 2284 88 88 5510 491 5295
547 3260 293 4641 58 394 51 2208 6006 409 88 2 993 5 289 96 193 291
267 1075 394 58 2929 1875 2627 394 516 145 421 6006 409 88 3715 15 752 291
63 6007 6008 80 288 6009 68 427 191 125 80 117 68 92 125 6000 664 404 877 394 3147 1243 4885 6010
488 993 68 843 1759 3479 2759 6011 793 6012 1059 286 1000 603 145 171 6013 6014 452
27 81 1081 4483 107 1011 63 114 80 381 3147 413 225 745 27 81 1081 4483 107 1011 63 114 80 381 3147 413 225 745
63 107 2552 51 4225 6015 81 2929 3504 4525 1228 81 6016 117 63 6017 1401 238
4532 3481 1497 2977 1633 3956 4063 6018 3832 4544 138 377 710 5310 6019 84 6020 797 4165 6021 557 4207 344 171 6022 4 4459 145 84 895 377 3489 71 63
63 3370 1148 2254 3403 137 4541 2570 3020 304 115 3370 4200 3738 1168 87 4542 4207
671 79 31 81 40 81 2929 3504 4525 4526 4520 4521 409 4527 4522 138 4528 534 4523 4524 573 5973 5974 5975 5976
1270 2993 128 238 745 1373 290 524
63 595 3629 838 1283 3709 81 6023 4459 457 197 23 207 91 1639 4247 2651 6024 6025 4065 277 31 81 77 4529 198 34 4217 4218 4547 6026 114 86 5585 81 1081 115 1887 6027 4532 428 6028 1236 4529 4178 368 6029 2930 4576 169 1083 2450 296 1211 488 6030 404 6031 3587 4547 3407 63 6032 128 238 4522 4528 2442 4521 409 138 117 1354 71 1921 6017 238 1401 107 6033 71 546
4556 2653 4557 127 2652 349 4558 4559 797 4532 4553 21 136 797 4560 4548 4527 4561 733 2929 1713 4528
4532 115 87 138 6034 127 117 207 6 6035 6036 4527 4522 138 3379 81 1081 81 115 1529 228 145 6037 4065 227 488
1109 3265 1043 863 81 115 299 209 6038 394 223 1109 3265 1043 863 81 115 299 209 6038 394 223
107 125 896 293 238 745 40 4608 80 81 88 6039 595 991
1456 5972 60 1081 482 288 120 1486 617 933 6040 5036 81 88 1230 892 6041 6042 299 209 4252 404 6043 58 299 145 272 517 745 1473 6044 5036 299
5366 1432 3265 3649 617 933 2026 6045 1483 2313 223 1971 1486 943 853 404 6042 299 209 4252 404 6043 3860 671 629 617 80 81 88 1230 892 3265 2428 6046 3422 156 821 1456 5972 60 1081 6047 617 933 115 3522 6048 6049 115 302 2898 67 2443 5036 6050 1486 5461 2006 824 302 2898 67 117 84 3664 6049 115 1537 6051 617 933 1444 325 71 326 327 328 329 330 331 332 331 332 115 333 325 71 326 327 328 329 334 335 336 337 327 91 338 120 339 253 284 340 341 342
6052 5179 187 3085 299 4265 366 117 517 6053 228 145 3927 1228 1709 1388 68 427 191 355 227 92 344 63 65 1019 1342 207 991 1121 3916 281 127 255 2489 3541 5 107 544 191 197 745
3265 2428 6046 719 6054 296 617 933 6055 6056 842 1486 3649 933 863 171 1345 1486 2173 3918 281 227 6057 3918 6058 6059 171 3395 5472 6049
617 933 1444 2272 475 3918 89 6049 290 2640 2262 6060 1486 962 6043 145 3860 81 404 88 892 260 6061 115 6062
3163 1451 207 145 1152 1157 82 83 55 993 50 115 1233 482 6063 1142 60 879 880
117 283 4265 3988 71 2867 60 3163 1174 455 173 83 6064 790 6065
243 1714 1152 1157 595 731 3363 3911 404 4484 6066 361 6067 4600 402 1505 71 709 2867 404 1262 3163
151 3109 6068 83 1161 2462 1261 1340 1303 828 171 255 256 1152 1157 3687 255 6069 1291
81 752 482 614 251 5208 83 4463 81 752 5254 2518 1024 5222 2101 633
123 83 115 6070 1161 1233 6071 145 7 1179 6072
6073 81 6074 5493 83 44 402
143 50 171 737 63 407 6075 127 115 2745 6076
4109 1906 81 5066 565 2213 417 394 113 114 115 2549 80
171 671 79 31 81 115 6077 265 2195 2213 58 114 394 3558 682 1897 751 180 80 81 143 394 115 197
5349 5350 4954 80 607 1243
80 81 145 4637 5911 79 5350 1183 6078 1399 34 346 394 290 1711 3191 143 394 6079 404 3073 404 380 125
5350 1217 414 866
6080 2219 169 6081
81 6082 1964 37 681 120 114 394 1181 192 143 610 6083 88 2929 1897 778
394 482 419 79 137 981 394 882 5208 2122 81 115 6084 344 238 4109 2271 866 58
63 21 186 60 81 34 1607 378 6085 6086 243 6087 1588 145 272 413 88 2929 117 413 88 5829 88 5451 190 63 130
5 427 191 6088 732 2261 106 6088 6089
3394 6090 6091 30 3910 374 360 1584 2540 40 841 6092 2102 6093 427 191 6088 227 115 607 993 627
3684 104 2086 207 104 6088 2676 6094
243 339 198 6095 128 588 4586 595 83 286 203 96 193 599 1996 3429 2391 191 1331 626 6096 887
927 3684 2073 3939 2196 2853 328 1218 207 328 838 290 193 1805 328 991 253 5243 238
6097 404 6098 117 427 191 716 515 127 106 2370
591 2319 6099 2535 6100 221 207 490 114 115 6101 6102 591 2319 6099 2535 6100 221 207 490 114 115 6101 6102
325 71 326 327 328 329 330 331 332 331 332 115 333 325 71 326 327 328 329 334 335 336 337 327 91 338 120 339 253 284 340 341 342 343
6103 591 2319 6104 1211 1626 793 909 236 237 23 6105 221 695 6106 34 6107 124 2507 116 120 6108 117 1019 1342 207 107 100 231 1211
951 86 6109 579 5 871 872 1041 695 6110 6111 700 6112 4512 1483 6113 227 1959 7 3403
260 207 705 114 6114 253 569 207 104 228 2507 290 950 2623 3215 231 4557
243 7 591 505 1755 5489 675 255 1678 152 5524 63 2319 368 2507 1087 23 40 2535 6105
225 6115 6116 4012 273 6117 6118
6119 6120 6121 125 273 6117 6118
51 691 887 6119
6122 95 2287 904 207 3798 283 2287 377 1958 6123 84
703 273 6124 34 1023 6125 1508 6126 3521 2260 371 1151 14 6127 6128 293 751 6129 6130 6131 1072 4728 6132 6133
344 907 591 2199 6134 1508
293 2381 662 6135 6136 6137 4012 5682 1818 812 6126 2260 255 228 482 305 6138 1341 932 273 4480 5608 6139 100 115 490 6140 5837 225 702 115 6129 404 6141 6138 1341 591 2319 1261 6124 4818
1336 907 3044 51 6142 5236 106 144 616 6143 308
293 68 5534 23 68 5677 106 1069 2978 6144 411 6145 63 1249 1049 314 6146 6147 1205 127 3298 6148 368 6149 6150 4639 322 40 1205 1036
23 671 602 115 2287 1205 6148 6146 6147
145 899 358 6147 115 6151 79 364 6152 6153 1188 68 5534 23 68 5677 106 1069 2978 6144 411 6145 314 6154 1919 79 68 415 1183 2781 151 1583 1329 68 1480 991 994 967 400
519 282 314 6147 68 843 1336 2545 151 2313 404 1939 876 7 2154 967 228 6155 669 344 106 939 191 228 994 967 106 144 2556 702 5 329 106 3626 191 2874 3159 1715
4225 141 695 145 50 3541 114 610 301 4225 141 695 145 50 3541 114 610 301
2374 1639 695 141 236 237 6156 207 368 253 617 6157 185 125 260 3023 68 329 366 2521
63 993 6158 228 6159 517 142 1382 4707 380 4253 4688 6160 746 225 254 6161 5768 732 6162 6163 1635 6164 858 120 732 182 745 667 71 63 69 1074 1626 672 96 1010 141 2275 6165 227 2521 145 344 907
4707 6166 745 6167 236 237 1893 253 617 966 296 2829 531 23 50 115 159 125 63
68 256 1342 257 145 920 366 2521 6168 366 145 1505 344 6169 225 524 691 84 210 211 34 1188 225 702 14 482 3238 4005 68 6 3405 394 368 5363 5490 2319
80 115 1634 4329 27 2280 3135 445 80 81 115 2929 1230 887 751 752 399 6170 3169 2280
151 88 563 3918 2383 6171 192 2857 80 947 94 191 5655 2102
14 4184 6172 6173 1350 565 296 339 6174 2280 413 80 81 115 2929 1388
92 106 62 80 81 1641 404 1393 6175 6176 6177 3598 3215 127 1458 1350 105 127
2803 6178 2708 6179 5286 6180 354 83 409 2803 6178 2708 6179 5286 6180 354 83 409
5358 764 2271 6181 3163 3486 1392 4587 34 3472 6178 207 228 4503 482 1591 751 1120 34 2829 557 290 2379 125 2787 2658
14 27 57 116 151 83 2545 669 207 144 3472 6178 694 115 278 1576 2007 6180 290 6182 5286
858 4248 1580 2752 422 5291 1885 2287 5286 51 5981 2898 227 290 2118 947 106 490 703 1867 207 6183 1041 6184 607 6185 84 3472 1508 6178 1576 2007 6180 2698 171 193 2625 83 301 6186 464 1576 2007 6180 6187 566
6180 4877 4936 725 5652 6188 464 84 823 4877 6189 5211 6189 5211 115 1072 2163 6190 84 601 253 6191 6188 5652 325 71 326 327 328 329 330 331 332 331 332 115 333 325 71 326 327 328 329 334 335 336 337 327 91 338 120 339 253 284 340 341 342
1576 454 6180 115 475 6192 5784 437 1485 5291 272 171 4611 6193 6194 4196 6195 6196 34 2894 2673 3918 858 1750 115 2518
2009 3166 6197 2373 6198 6148 3821 6199 2128 5906 6200 6201 502 876 5260 292 253 726 422 2928 95 607 4925 2765 1200 6200 6202 482 4926 1979 945 5286 557 322
6180 115 5429 5286 557 83 6203 272 6200 6201 106 94 6204 2631 5289 197 3166 6197 651 802 6189 5211 6205 278 105 1504 537 6206 83 40 370 5286 6205 1369 114 4878 6178 2172 120 3166 6197 611 6207 6180 71 517 6208 4587 7 2184 6209 2300 83 3472 6178
6160 293 6210 843 5387 864 6211 546 6212 4451 351 6213 301 6160 293 6210 843 5387 864 6211 546 6212 4451 351 6213 301
693 215 791 5 1011 2467 6214 2528 6215 137 981 1286 2115 854 115 17 546 7 3706 924 732 4661 436 1932 71 5720
106 728 191 2547 310 4707 106 257 2361 60 101 1497 293 617 933 1557 1971 478 5387 6216 4451 783 6217 6218 6219 5536 2098 902 413 2691 596 56 545 4587 602 115 588 2691 325 71 326 327 328 329 330 331 332 331 332 115 333 325 71 326 327 328 329 334 335 336 337 327 91 338 120 339 253 284 340 341 342
238 127 1373 1273 93 371 420 6220 3926 171 1345 198 14 253 920 5 94 191 283 1248 1741 96 130 94 191 1530 6221 1388 2744 293 94 5134 260 351 797 2427 608 6222 290 4451 924 732 1711 3778
100 835 6223 253 96 344 278 390 7 6224 1998 290 608 96 6225 7 6226 13 656 858 5 6227 517 2029 909 227 890 1964 127 243 5 5 838 1971 1974 374 360 909 227 916 130
5402 6228 5134 656 5351 472 301 5402 6228 5134 656 5351 472 301
50 115 1342 115 278 19 115 927 1995 1 4587 125 227
243 1189 7 601 1 922 1392 353 6229 528 377 339 745 115 6230 6228 544 191 1362 6231 207 5562
325 71 326 327 328 329 330 331 332 331 332 115 333 325 71 326 327 328 329 334 335 336 337 327 91 338 120 339 253 284 340 341 342 343
579 128 238 1 370 312 367 872 351 2258 372 50 5609 191 119 65 5096 5097 5134 63 472 656 308 2214 351 4503
63 472 6232 1876 197 1211 3810 1 6162 1255 114 207 69 283 745 4774 517 6233 1102 145 272 6228 145 4774
6234 1995 432 351
5402 141 1444 2060 3502 695 171 868 1117 68 722 2479 301 5402 141 1444 2060 3502 695 171 868 1117 68 722 2479 301
6167 141 4633 6235 29 3209 715 1660 1661 344 278 221 228 4659 55 1065 6236
1444 107 846 6237 417 55 745 512 6167 6238
6239 647 290 1000 143 207 373 227 2034 6240 6241 50 6242 227 6239 29 2167 5607 6243 58 232 628 61 238 3666 5 228 6244 580 997 2423 5 6245 6239 253 50 329 17 290 1000 71 1728 904 6246 6247 228 227 6248 3811 6249 283 227 146 6250 6238
325 71 326 327 328 329 330 331 332 331 332 115 333 325 71 326 327 328 329 334 335 336 337 327 91 338 120 339 253 284 340 341 342 343
63 378 221 1281 279 2548 3097 6251 4736 152 344 207 94 228 6252 159 5483 2 745 272 65 105 117 1639 14 207 329 50 3135 6242 290 2059 6239 353 84 21 6253 378 1819 290 291 106 329 67 125 6239 100 115 441
1109 4034 1465 1598 2518 5188 6254 3687 3094 6255 40 6256 2173 1109 4034 1465 1598 2518 5188 6254 3687 3094 6255 40 6256 2173
1598 101 80 81 868 1457 4483 17 207 1860 2552 6257 1388 1344 3471 88 1371
671 602 115 1436 6258 6259 5702 278 5188 6254 23 257 145 4253 5367 229 40 282 63 14 2517 64 3135 1270 2518 115 4388 854
6259 5367 551 5208 6260 355 377 101 345 207 6261 63 235
325 71 326 327 328 329 330 331 332 331 332 115 333 325 71 326 327 328 329 334 335 336 337 327 91 338 120 339 253 284 340 341 342 343
551 5208 5188 647 63 3562 101 2391 191 107 3138 208 3094 115 482 1445 1446 551 694
551 1691 6060 5188 3785 2509 1486 81 115 861 4483 1691 2449 3785 227 1283 960 120 5188 6262 6263 6264 3429 5869 5188 1446 6174 231 6265 296 1486
128 6266 5188 80 938 938 1473 229 40 1475 404 192 792 6267 2450 88 143 1173 1270 1282
80 115 1230 4611 130 107 6268 26 1995 5978 2266 80 115 1230 4611 130 107 6268 26 1995 5978 2266
4 2371 92 5 6 95 638 639 5 427 191 91 290 6269 5 255 283 92 2699 656 1358 638 639 516 6270 6271 1792 638 6272 6273 6274 1183 633 2673 6275 638 639 3472 80 81 115 752 394 115 793 546 4413 1932 2588 115 145 272 171 55 610 106 92 145 6276 404 354 546 455 34 6277 2300 732 130 4337 25 505 1970 608 470 638 639
14 565 1380 638 639 6035 1995 5978 2266 26 6278 6279 889 6280 6281 5537
2391 191 60 2427 617 758 482 6282 6283 5978 2266 187 6284 6285 117 482 14 3665 5978 2266 7 3968 6286 6280 6287 6288 638 639 6289 1030 325 71 326 327 328 329 330 331 332 331 332 115 333 325 71 326 327 328 329 334 335 336 337 327 91 338 120 339 253 284 340 341 342 343
517 1766 6290 1995 207 145 7 13 302 207 7 3968 6291 670 377 6292 1454 517 745 80 81 1677 546
68 228 58 758 65 145 272 6293 6294 1995
6295 107 2803 879 880 115 1161 232 402 4974 1049 2164 1350
44 751 402 277 1897 180 80 81 179 5789 82 83 3926 6296 6297 277 77 78 260 502 5191 748
1142 115 879 880 839 402
171 21 6298 6297 880 1605 83 368 944 945 322 1382
433 136 1237 81 4 394 5273 322 880 201 628 83
151 402 351 6295 4507 263 1270 438 83 789 191 71 6299 6300 413 956 945 108 5 111 368 40 6301
106 329 114 1354 223 6302 6303 68 1218 255 792 2 3626 191 2277 68 1218 5 228
260 115 1045 488 109 92 380 404 145 92 380 1615 927 1615 1005 191 357 1388 1615 5 328 1331 312 313 106 329
2985 6304 83 40 1433 95 945 322 839 938 328 228 881 81 4 394 5273 6305 322 23 394 368 3504 907 21 2898 136 83 257
6306 83 1121 40 193 438 595 994 296 1118 81 88 947 6307 703 65
1869
5130 601 63 253 444 1869
6308 884 127 657 6309 6310 293
5130 60 3659 6311 6312 6313 896 293 115 858 6314 2652 6315 6316
143 293 6317 1002 272 441 1270
143 40 897 300 736 5 2284 62 4 1125 413 5236 1091 6318 1244 2894 231 6319 3504 6320 1385 404 6321 4881 464 3403 5799 6322 34 6323 1708 21 6324 253 3445 1047 1059
745 5226 380 5228 413 80 115 6325
50 115 1341 3495 413 371 148 115 402 277 80 81 82 83 171 737 6326 238 128 80 786 344 4397 1398 5589 2888 1273 6327
260 63 725 5202 1364 228 1173 92 106 490
68 256 5 71 329 4 3607 724 725 726 6328 5469 83 6329 563
106 95 82 83 80 81 404 0 1120 1468 732 5970
745 5226 380 5228 413 80 115 6325 402 371 148 745 5226 380 5228 413 80 115 6325 402 371 148
50 115 1341 595 3495 413 371 148 115 402 125 1122 402 839 226 902 731 80
363 3626 191 44 65 80 368 746 6330 731 114 92 106 256 595 6331 1380 6332 6333 6334 1615 404 80 381 3151 6265 1911 4685 88 6335 6336 772
325 71 326 327 328 329 330 331 332 331 332 115 333 325 71 326 327 328 329 334 335 336 337 327 91 338 120 339 253 284 340 341 342 343
243 5 544 191 2545 114 116 1510 80 115 1584 1210 371 148 5 92 228 86 5340 861 2233 5063 81 6052 5179 5176 6337 846
547 5 427 191 228 3556 445 6338
