0 1 2 3 4 5 6 7 8 9 10 11 12
13 5 14 15 16 17 18 19 20 21 22 23 24 25 26
27 28 29 30 31 32 33 34 35 36 37 38 39 40 29 41 42 23 43 40 44 45 46 47 48 49 50 51 52 53 54 27 28 29 55 56 57 32 33 58 59 12 60 61 5 62 63 64 63 65 63 66 67 68 69 70 71 27 72 73 74 75 76
77 78 79 80 81 82 83 84 85 47 49 81 86 87 88 89 90 5 91 92 93 5 94 95 96 44 97 84 98 99 5 91 100 63 101 102 83 21 103 68 104 105 106 107 108 68 109 26 110 24 111 26 27 28 112 113 114 115 116 58 117 118 5 15 65 5 119 120 86 121 122 5 119 120 86
123 124 125 47 49 126 127 128 129 96 130 131 132 133 134 135 14 21 136 137
82 83 138 86 86 139 140 141 142
143 106 144 145 146 138 86
147 148 141 149 150 148 142 151 152 153 154 155 156 157 158 159 160 161 162 163 164 165 166 167 168 169 170 171 172 173 174 151 175 176 177 178
179 180 181 182 183 184
96 130 185 186 16 187 23 5 188 16 115 189 128 94 5 190 23 5 94 191 192 169 96 193 194 5 195 196 197 71 198 199 200
201 202 203 204 158 205 206 207 208 183 119 209
115 121 7 210 211 83 58 210 212 213 214
117 215 171 216 217 40 218 219 202 203 204 220 221
83 222 223 224 225 198 226 227 114 207 228 229 230 231
232 233 234 63 235 236 237 83 58
238 239 198 228 240 241 242 243 238 244 194 245 246 247 248 249 250
83 251 252 253 225 254
68 255 92 37 38 68 256 106 228 58 83 5 257 27 28 258 259 260 106 228 261
117 63 262 263 264 265 266 267 268 269 270 271 272 273
274 83 275 276 277 114 278 279 280 281 225 254 58 130 115 282 283 284 21 285 239 286 287 288 289 290 291 292
293 294 295 296 297 298 299 300 301
302 303 63 304 305 306 307 308 309 302 310
156 293 311 312 313 314 315 5 94 272 316 317 63 318 115 319 320 321 322 323 143 324 313
325 71 326 327 328 329 330 331 332 331 332 115 333 325 71 326 327 328 329 334 335 336 337 327 91 338 120 339 253 284 340 341 342 343
344 345 293 346 5 328 347 21 96 302 348 344 349 254 94 350 351 127 128 63 283 130 352
293 353 69 354 355 128 356 357 358 359 360 361 362 227 44 363 145 364 290 130 352 115 364 21 365 197 366 312 367 5 228 368 369 1 370 351 371 372
128 373 351 374 360 51 375 376 377 96 130 378 127 379 145 380 293 94 381 382
83 383 81 384 385 351 128 386 387 388 389 390 313 83 383 81 384 385 351 128 386 387 391 392 393 394 346 71 395 396 397 80 197
364 398 399 400 401 148 115 402 82 83 391 16 392 393 403 23 171 172 404 171 130 405
80 81 406
407 408 409 410 411 412 284 413 414 68 415 416 83 417 418 4 115 419 420 421 40 422 423 424 414 425 426 106 427 191 120 21 392 393 136
428 429 339 430 386 431 145 392 393 432 117 433 434 435 143 436 197
222 249 437 438 439 440 441 442 443 277 444 238 445 446 300 447 448 449 450 451 143 312 367 171 452
453 106 228 454 455 34 456 457 458 425 386 459 460 461
51 114 339 462 413 63 407 463 464 465 466 145 277 458 467 468 469 117 277 455 34 429 16 470 392 393 403
80 81 201 471 472 473 474 475 394 311 300 476 420 477 478 479 480 481 79 293 84 482 483 484 485 486 487
488 489 197 339 430 490 491 492 338 493 203 494 495 496 497 498 499 500 501 502 503 504 425 505 506 314 429 9 117 6 507 508 351 107 128 509 510 511 478 312 367 512 513 514 515 516 517 425 518 51 519 520 207 228 521 522 523 524 21 525 136 290 526 207 527 528 207 229 455 522
529 344 278 467 63 425 426 530 8 531
83 84 532 519 533 534 535 95 510 536 537 538 539 34 363 540 191 541 420 542 543 115 16 207 544 191 545 231 290 546
5 228 547
79 293 548 99 31 549 296 550 551
68 552 553 554 361 411 555 115 556 557 558 19 67 559
68 228 560 561 562 99 1 370 563
564 565 566 567 568 569 151 551 570 555 571 549 296 572 115 573 574 575 79 40 44 564 576
175 40 44 564 576 344 59 40 150 577 255 578 187 579 79 115 580 555 581 582 281 40 583 584
143 585 377 203 571 255 586 99 19 587 588 589 590
293 591 592 228 593 594 31 595 596 597 598 599 600 601 602 115 603 604 605 7 606 607 608
609 79 115 564 610 63 130 611 612 613 614 615 616 617 558 19 596 618 296 602 115 619 620 621 192 622 623 624 625 626 627 16 591 592 628 629 630 631 632 633 543
96 634 635 145 107 636 63 255 228 96 637 638 639 117 433 636 63 595 228 312 367 637 608 627 16
117 550 84 601 293 640 641 8 642 643 562 34 644 207 540 191 368 290 567 645 557 71 646 647 56 370 638 639 648 649 650 651 652 557 251 653 368 51 654 655 656
592 657 658 585 659 660 661 564 576 662 77 663 664 658 665 591 592 417 482 479 666 667 668 233 669 461 670 576 251
293 115 671 629 617 80 81
672 673 674 675 676 677 678 679 680 678
50 115 681 682 683 684 685 171 96 339 686 286 687 197 199 200 674 688 115 689 145 114 690 23 225 524 691 692 693 253 283 268 694 689
695 696 697 698 699 700 683 701 225 702 703 704
301 63 114 5 705 706 707 697 698 708 709 710
117 711 712 365 23 675 713 677 678 679 394 714 678 695 715 88 678
716 717 718 80 81 719 253 720 533 672 182 721 722 723 724 725 726 727 325 71 326 327 328 329 330 331 332 331 332 115 333 325 71 326 327 328 329 334 335 336 337 327 91 338 120 339 253 284 340 341 342 343
728 191 37 50 729 566 148
472 517 225 524 691 221 63 730 191 731 732 733 683 734 225 702 735 210 736 737 92 738 409 739 697 698 699
740 741 742 743 744 745 746 747
748 749 80 81 82 83 115 44 402 80 81 82 83 750 751 752 377 27 753 754
77 78 755 26 290 44 314 407 402 756 757 758 759 27 28
80 81 82 83 228 760 761 658 607 762 763 764 117 754 207 765 611 290 766 767 208 26 768 769
23 81 770 253 771 772 83 773 774 775 776 777 778 779 77 780 735 81 58 128 106
781 151 402 696 83 782 413 783 784 785
786 270 40 787 88 629 81 788 789 191 790 398 232 791
81 44 792 2 232 754 115 402 793 794 83 115 536 795 269 796 797 40 798 611 40 441 799 536
82 86 800 40 284 115 71 40 801 802 40 536 797 796 40 798
83 803 804 805 433 136 787 88 806 45 346 807 296 808 409 809
171 737 108 5 611
83 810 81 545 811 812 784 813 277 312 367 607 608 814 815 816
14 106 69 817 818 815 819 106 820 821 83 58
81 822 267 260
260 82
81 823 811 629 617 824 79 293 34 825 784 533 243 531 826 827
613 136 828 377 402 83 111 151 81
83 728 191 829 830 90 40 831 4 145
81 803 4 145 832 4 145 107 833 402 90 21 834 325 14 100 835 520 63
83 836 50 115 681 834 413 145 837 96 622 838 290 546 267 377 130 108 839 840 83
68 427 191 841 842 68 843 824 844 845 846 58 83 111 847 40 848 849 850 851 852 853 602 115 854 603 855 856 751 78 857 314
83 858 859 2 81 351 88 860 861 862 68 863 411 864 865 557 411 866 115 642 23 394 867 88 868 869 228 482 870
68 256 106 871 107 872 0 873 874 875 366 876 856 419 79 863 290 864 865
877 730 191 69 286 745 71 106 878 754
839 879 880 881 83 114 882 106 344 758 883 79 293 884 312 367 885 179 180 115 222 886 887 888 40 889 890 876
44 83 891 77 81 892 893 34 894 895 377 896 293 115 897 898 232 752 805 364 108 858 58 899 23 293 846 40 897 898
880 900 293 846 40 901 897 898 117 83 201 289 902 413 115 903 904
112 905 112 906 907 413
83 908 413 246 244 194 23 58 68 871 482 71 351 909 106 910 911 912 115 913
68 256 82 107 914 835 915 63 402 81 58
916 402 81 765 917 83 918 919 92 480 920 921 583 394 84 922 267 557 2 923 924 752 925 394 730 191 926 907 516 927 394 730 191 228 40 928
83 115 95 37 38 929 930 399 931 932 27 28 210 933
37 38 368 934 636 935 27 28 29 934 936 937 344 23 106 520 51 636 938 257
207 255 228 939 940 58
941 566 402 880 942 83 943 944 322 945 108 802
68 257 145 95 322 945 83 58 946 947 948 601 253 88 927 394 949 68 256 950 172 88 752 946 947
880 942 231 90
272 65 83 951 228 649 413 322 952 108 802 953 954 786 95 955 954 881 83 106 956 945
83 957 958 959
428 960 9 231 83 201 961 557 322
880 881 83 413 23 399 58 81 516 145 228 751 355 226 83 114 962 83 859 2 88 963
394 730 191 228 355 394 730 191 228 963
83 482 964 81 88 963 965 752 925 764 117 754 81 765 966 967 2 409
260 968 969 608 970 292 533
171 737 879 765 875 185 963
326 971 115 972 973 974 975 976 977 141 701 978 221 979 141 115 44 29 973 980 981 982 701 153 154 155
983 984 88 985 986 296 987 988 989 88 208
68 871 482 884 990 141 68 991 992 63 993 904 14 68 94 191 994 128 5 144 995 996 997 971 58
394 998 999 1000 208 23 287 1001 155 1002 34 239 286
115 976 5 228 792 290 1003 1004 227 5 228 988 5 1005 191 228 988 5 91 96 1006 1007 96 489 394 58
983 260 221 1008 34 1009 51 556
142 802 1010 141 151 60 155 115 701 1011 371 156 1012
1013 1014 187 1015 147 148 23 210 1016 159 160 822 167 168 1017 1018 162 1019 745 170 1020 1021 698 158 1022 699 1023 710 704
29 973 980 141 30 1024 1025 278 1026 502 1027 232 889 45 502 1027
151 980 1028 296 141 1029 1030
863 863 412 1031 1032 221 1009
1033 1034 155 115 1035 203
1036 1037 846 1038 1039 1040 1041 977 210 701 155 1042 1043 364 254 537
1044 1045 1046 1047 63 1048 1049 1050 1045 471 40 44 1046 1051
1052 1053 1054 1055 1056 1057 1058 1059 1060
1061 1044 1045 1062 1063 1047 757 63 1048 1064 1059 1065 1066 567 1067 63 1068
1069 84 1070 1046 547 1071 1072 386 997
151 1073 253 751 1074 1075 1045 1076 40 1077 1078 79 1079 1080 57 802 278 1081 1082 1059
1045 1052 1053 1054 1055 1056 1057 1058 1059 1060 1083 283 1059 1084 1085 40 751 752
81 383 83 402 108 402 80 81 115 752 43 171 1086 1087 401 148 115 139 402 427 191 100 82 83 120 763
83 115 752 1088 197 267 1089 628 1090 557 179 180
402 1091 253 557 1092 1093 1094 1095 591 592 1074 83 1096 192 404 1087 1097 1098 617 1099 1100 1101 14 1102 81 115 1103 474 190 1104
1105 1100 1106 81 190 272 1107 617 1108 1109 296 1110 1111 1112 1113 1114
232 173 1115 1116 549 1087 1117 843 550 756 757 1118 1119 891 290 1120 255 1121 1122 1123
5 1124 82 83 353 1125 353 1126 1127 253 50
737 1128 127 145 839 457 34 228 482 1129 1130
68 427 191 329 1131 114 879 880 115 1132 1133 58 1134
751 1135 115 872 1136 1137 413 1137 401 115 1138 1139 1140 114 610 839 151 1141 402 51 839
117 81 115 752 830 296 880 115 1142 1143 1144 1145 34 1146 1147 947 373 83 115 1148 242 728 191 95 945 322 792 1149 232 1097 299 1150 234 63 1151
429 171 235 80 81 1152 1153 563 171 235 80 81 1152 1153 563
1154 1130 751 1137 464 1129 402 1155 1156
23 565 1152 1157 1158 1159
88 1160 81 939 191 100 83 115 1161 792 1162
50 669 1161 82 83 1163 1164 856 14
671 83 752 1165 1166 1167 1168 1061 1169 34 6 1170 1171 83 752
68 256 114 634 1118 1172 114 328 839 145 172 34 115 419 79 312 367 344 68 256 106 100 78 402 106 100 78 1173
83 115 752 1174 40 671 1175 1167
5 427 191 69 82 83 115 1161 1176 1177 5 144 1178 94 120 1179 344 80 94 1180 88 65 114 394 1181 92 1182 1183 1142 115 543
881 413 81 115 495 496 1184 83 1182 1185 107 1186 114 82 83 1187 296 402
429 171 235 82 83 1152 1153 563 171 235 82 83 1152 1153 563
117 1134 1188 409 1189 50 115 55 607 83 243 1190 1191 671 629 617 1192 1193 1194 1167 1195 81 1196 1197 1198 1199 1200 1193 232 402
115 145 116 1201 1202 80 81 1134 58 115 307 1137 1203 63 927 745 69 490 1204 1205 1036 79 312 367 34 1206 1207 94 1173 902 540 191 482 1208 1209 290 1210 1211 71 63 1212 402 1213 1214 1137
151 1182 1159 557 1215 1123 17 82 83 94 120 339 1216 1217 117 80 81 106 329
68 1218 82 83 482 914 71 1219 758 68 256 81 752 1220 482 1221 1222
215 128 880 1223 1134 1224 1208 1225 1226 114 394 891 81 115 1227 520 1228 120 1229 88 1230 1128
68 843 1231 1019 1232 1233 1225 207 144 1234 1235 1236
114 68 255 1237 106 71 92 611 1238 725 1239 1240
1134 84 1241 81 353 1242 1243 1244 1245 1232 354 763 441 799 1246 115 1247
344 143 394 1248 296 90 231 115 107 145 1249
1250 1251 671 27 28 30 1252 83 1253
394 115 482 603 981 68 1254 68 427 191 1255 65 394 1256 191 482 603 171 993 404 0 1251 58 264 265 344 394 115 116 228 1257 21 52 1258 136
80 51 416 1259 68 871 1260 1261 751 402 137 1262
307 145 107 1263 601 1264 1265 88 831 83 1266 499 1267 2 88 1268 1269 879 880 151 44 121 1270 1271 26 1272 307 1273 71 80 81 115 1274 63 1275 407 372
1276 63 402 1277 83 1278 1279 114 68 871 278 1072 1280 1281 831 115 965 557 88 1282
1283 50 115 454 766 1284 454 464 83 380 125 1077 1285 1286 267 510 1287 1288 1289
406 128 516 394 716 1290 965 887 1291 1292 143 83 94 1293 40 1294 1295 207 1296 1297 1298 366
516 55 63 1218 81 1299 1300 401 148 51 516 1301 88 752 328 1255 114 1137 92 427 191 92 1302 1303 1304 404 344 1305
1237 55 1072 1306 1307 1305 1137 255 792 380 125 63
1308 895 1309 1310 1311 1312 1313 1314 1315 169 1286 58 1316 50 106 792 400 858 881 198 106 119 26 1317 876 1318
517 748 1319 351 351 400 436 296 1137 207 1320 1152 517 1321 1260 1322 1323 1324
117 1152 63 429 1137 145 412 1049 1325
1326 83 1220 1327 641 5 353 490 791 1328 55 402 1305 115 1220 114 1329 633 511 478 1330 1331 117 353 107 1332 1333 1303 1334 1335 520 786 1336 1337 404 394 113 114 394 115 908 413 730 191 63 1338 1339 81 34
50 1340 1137 145 171 94 691 412 1341
171 499 1342 4 1286 1316 402 344 1343 272 402 277 77 1316 368 1344 402 1345 778 1120 331 1346 344 1286 755 26 557 1346 563 1347 23 1348 1349 1350 1100 1351
1261 607 65 50 228 482 1340 1137 464 962 50 1278 283 296 613 136 1352 1353 115 114 1354 1286
366 68 256
1355 83 1269 965 377 1356 795 339 1357 1352 746 1072 1280 1358 23 1348 1359 1360 881 143 1361 328 1362 40 541 1363
260 58
1280 688
260 106 1364 1352
290 1365 333 1366
547 63 1135 1367 64 86 1368 1074 344 106 1069 1369 69 1370 1371
80 81 210 1372 694 238 745 228 1373 290 524 34 1005 191 228 1049 1050 63
81 932 455 1374 567 108 1375 371 235 115 701 152 1376 1377 1378 117 1379 887 147 1380 152 153 154 155 236 237 88 1381 464 1358 1382 1383 974 413 1384 420 1385 1386 198 1387 88 44 1040 45 1372
50 6 907 5 427 191 329 1388 413 114 1354 1118 1389 117 5 92 329 5 228 77 21 1390 1391 1392 239 198 1393 210 158 517 1394 81 58 115 1395 1396 1200 1397
473 180 1185 68 329 68 427 191 228 71 1398 68 427 191 329 1399 34 516 63 729
192 394 1400 1401 77 86 1402 1389 81 84 1403 889 557 1404 290 1405 1406 210 158 394 1407 142 1408 156 148
1409 68 843 116 1410 260 566 71 63 68 354 1411 1412 1152 68 552 381 1413 1414
1415 1409 58 80 81 404 82 83 583 255 1416 450 1417 26 1189 595 1242 1418 1419 751 1420 428 1421 510 461
745 230 835 230 1415 1409 1422 751 1423 58 1424 1425 115 63 235
68 843 116 1410 260 566 71 63 295 745 44 664
81 115 752 1165 1426 1182
115 793 1427 1118 78 117 732 193 1428 438 40 1429 1073
1430 1431 824 1432 101 1433 1434 1435 602 115 1436 115 854 1437 1438 1430 1431 115 1433 1434 1435
1439 1440 788 51 1441 1442 482 1443 1432 1444 228 1445 1446 1431 115 1447 1448 1449
1432 1450 145 1451 1452 1453 1454 101 468 556 933 1196 101 44 1030 1455 1456 1457
881 1458 1459 628 61 27 28 1460 1461 1462 58
657 1463 1464 1465 83 863 40 864 865 1466 1467 1468 63 1049
657 1469 63 235 461 1470 1471 751 78 31 255 1465 82 83 863 40 864 865 143 1472 255 272 1473 208 93 290 1474 180 986 40 536 1475
461 1476 571 1477 1478 1479 1480 1481 255 1482 751 78 863 290 864 865 1483 223 1170 778 115 1484 255 84 1482 1485 255 863 1486 151 223 143 1120 257 145 5 144 116 366 1487 235 5 144 1369 116 228 1019 1488
473 1120 80 81 88 1489 671 79 31 81 228 1118 1490 351 876 1491 864 865 71 81 1081 115 865 694 1152
407 473 657 189 1492 1493 1494 952 278 253 179 180 1495 1496 272 842 77 876 864 865
117 300 272 1497 253 107 171 235 108 407 758 151 611 1498 230 1499 1500 1501
1502 189 1492 1493 1480 1503 34 278 253 1504 751 180 1505 1261 567 1506
1507 1496 115 798 1508 1496 179 1120 79 108 231
286 1361 1509 329 114 115 1510 179 180 82 83 115 864 865 283 339 1511 1427 1512 927 5 71 329 1261 371 1513 413 473 180 80 81 115 1514 804 1305
1515 1516 1517 845 83 1081 1049 1050 83 1518 932
1343 1519 1520 932 1519 1521 1522 1523 1524 1517
1525 1061 1526 473 1527 1522 1523 278 1517 147 845 83 1081 46 437 1528 932 1529 546 1530 26 1531 1532
1343 1519 1520 932 1519 1521 433 136 1533 536 1534 455 1535 1529 68 1536 1537 1538 845 82 1539 83 1081
1525 1103 1030 234 63 235 83 932 40 1529 1530 26 1532 1540 624 1103 1030 83 932 1529 1530
117 27 1541 1460 1542 1543 1230 83 1253
1544 1545 1546 592 1544 1547 1548 10 11 1549 262 627
412 1550 512 1551 1040 693 296 1510 592 1547 115 1070 1552 1553 71 1554 88 1555 377 1545 1556 1557 71 1340 227 253 1558 171 1545 192 1559 1211 1560 1558 77 1545 6 1561
151 1562 1563 94 872 1564 409 40 1565 793 1555 763
263 1566 1567 1568 1569 1570 1525 1571 124 394 1572 88 197 1573 88 1574 1575 1185 115 145 1576 5 1577 63 1578 1551 301 1579 246 102
1103 402 83 1580 1581 839 880 1019 1582 902
207 1583 71 88 1584 1585 253 207 728 191 1237 88 413 106 329
6 83 1586 431 413 402
68 728 191 256 257 186 282 106 329 23 106 355
260 728 191 1237 88 413 1587 71 728 191 1237 88 413 88 1588 728 191 1237 88 413 1589 533 394 1590
1591 880 712 419 1138 83 115 752 156 262 1118 40 419 1592 752 1165 882 262 1187 1593 839
68 1594 879 257 145 120 377 1019 1595 368 482 344 907 1596 80 81 115 1597 1598 101 1530 1242
83 115 752 1165 1599 1134 882 1600 967 90 1061 156 50 1601 394 1602 880 255 228 990
68 107 255 228 1603 228 1604 21 413 1589 404 868 869 404 81 1081 981 517 86 1220 60 394 58 106 329
243 179 180 1605 368 1606 81 402 58 1607 916 148 1608 1609 364 231 1610 1611 1612 402 1613 83 1614 1615 40 1609
68 368 307 1609 728 191 920 68 427 191 329 143 106 705 1008 117 411 1609 1616 68 1617
881 143 81 368 1618 1619 120 824 40 1620 232 290 1621 267 1622 83 58 394 368 145 904 566 402
68 329 172 172 829 1623 172
171 650 1624 141 210 1625 150 148 1626 301 171 650 1624 141 210 1625 150 148 1626 301
150 148 279 142 141 236 237 151 225 210 211 1188 1393 1544
1097 1627 1628 228 1629 141 151 674 1630 279 147 148 617 1631 482 1632 89 672 444 351 236 237 29 77 223 151 798 1633 1188 1634 210 211 171 162 1188 1210 1635 1636 1637 1638 40 284 1639 1340 607 221 1317 210 158 84 444 1640 151 207 1641 159 1642 1643 1644 1645 84 1646 243 1061 1647 1038 1648 232 1649 1262 150 148 1650 46 1651 701 153 154 155 225 982
1065 225 745 1652 210 158 117 50 762 21 1653 120 290 182 50 1642 1643 1644 1645 1646
1051 262 1637 1654 1655 299 1656 802 1657 296 1658 1659 1660 151 221 1661 1662 1663 1664 225 524 691 1665 162 84 872 1109 377 1666 1667 1668 1669 1670 1671 1672
151 225 702 1188 0 1673 162 696 697 1021
159 1674 1675 399 106 1676 1677 284 193 472 1678 1373 182 672 1679 68 528 63 0 1680 1074 322 71 253 672 96 1010 1681 104 1682
1683 1684 533 1685 1686 407 1683 1684 533 1685 1686 407
1687 115 1688 1689 881 1683 943 1480 433 920 80 81 404 82 83 205 1381 207 871 364 1690 533 1683 58
83 1691 914 1684 1690 533 183 186 533 1692 58 255 167 296 115 84 278 293 640 1693 351
81 607 574
51 171 94 520 366 404 50 68 427 191 1694 63 813 68 69 1695 63 1696 1697 1698 1019
128 94 5 190 23 5 94 191 192 169 96 193 194 301 10 11 82 83 274
108 116 55 1283 543 68 69 1699 1700 1701 197 14 96 130 951 991 1702 307 300 1703 1396 184
1704 68 490 745 849 1705 479 397 1576 519 5 91 838 1706 1261 1160 96 130 1200 171 286 304
5 71 228 1271 1707 1708 1709 115 1710 490 325 1211 290 1711 858 120 920 1712 96 86 1624 130 5 228 1019 441 1713 5 92 228 1624 130
238 198 878 1650 141 1701 197 108 290 1711 1645 1714 1715 1716 672 182 1717 96 130 185 186 16 187 23 5 188 16 115 189 128 94 5 190 23 5 94 191 192 169 96 193 194
5 195 196 197 71 198 199 200 674
745 34 1718 339 1719 517 1626 203 1720 239 286 1721 34 1649 517 1722 17 246 344 1723 115 290 1724 1725 1726
96 282 145 283 284 21 285 279 1727 117 283 284 21 285 239 286 287 288 289 290 291 292
1728 1729 1730 1731 82 83 108 1732 231 82
77 764 151 1733 26 1272 179 1097 474 1734 40 778 115 751 180 1477 1729 1730 1735 82 83 1549
1736 664 231 729
1498 1730 1737 83 115 864 865 595 1102 675 1738
1075 1730 1739 40 354 4 83 1740 191 846 40 864 865 263 1142 115 1741 628
1152 82 951 1742 863 40 1743 1744 50 115 1745 50 1730 58 115 1746 1617
1747 1730 278 231 1748 1749
531 1750 633 1751 1752
115 145 1753 1754 835 26 68 427 191 120 1755 689 117 106 1756 411 1757
84 278 83 139 530 27 28 1758
100 835 1759 398 96 1760 96 1000 26 1761 1730 58 145 1762 139
84 1763 1764 702 34 1765 504 1766
83 115 370 1730 1614
353 151 83 1224 1097 1767 437 1433 1730 115 798 353 228 368 1019 1768 1769 79 331 1770 1771
84 1772 703 567 617 115 1361 255 471 1773 1774 83
1730 52 577 1775 83 1776 1777 58
68 520 1775 927 68 381 256 82 143 106 1778 231 296 1125 1779 1780
243
1781 1782 1772 1730 1739 1783 1784 7 1785
82 83 1786 1787 1788 413 63 145 1789 115 1790 7 1786 1787
475 1730 6 1740 191 1791 83 370 40 1792
68 552 145 1793 545 745 34 2 411 1757 2 411 798 1730 58
270 40 1794 95 40 778 115 180 1730 58 268 145 1795 1796 143 106 1797 2 1798 68 843 116 1799 792 125 1800 1801 1802 95 231
173 1803 1804 1568 673
1805 1803 595 1806 21 1773 63 407 136 1804 1568 236 237
1807 1808 1568 1198 1809 396 1804 595 731 471 80 81 416 499 1098 617 404 1810 88 1811 583 1812 601
1568 1813 1814 1815 27 745 1816 595 1817 1074 1818
378 732 1819 1804 1568 354 355 1367 1350
1804 1568 1820 1821 130 403 1074 1822 117 21 766 1288 1823
293 1824 1825 1109 1826 350 1827
79 896 293 1828 1829 1830 1831
79 13 1825 1795 1832 286 537 882 1272 1087 45 61 1833 1795 627 40 1834 1835 1319 40 195 117 882 1825 26 151 107 1805 748
114 1836 195 114 1837 1838 195 1835 1795 1825
86 1839 1840 1411 1841 5 871 1842 351 371 1843 876
1831 350 557 1844 1845 1846 1847 1146 1848 473 751 180 1849 1850 1198 1851 1852 1853 1205 115 1854 232 1855 843 1856 1857 1858 1853 482 1146 1859 63 567
293 1002 1860 350 232 1861 1862 1863 115 1864 1580 464 1865 231 171 1866
366 115 314 350 106 427 191 601 1867 732 1210 143 106 144 79 293 58
81 1487 223 1868 1487 876 80 81 58 63 372 115 407 636 1487 876 300 1869 1870 81 1487 223 1868 1487 876
43 940 225 1361 232 263 1871 1872 262 1102 81 1873 1361 94 191 1874 63 171 253
1261 887 207 1875 413 1876 63 407 81 58 63 145 310
5 1877 994 296 1878 63 407 394 1185
411 1879 353 145 1500 117 96 1880 1500
117 296 1487 1881 44 751 402 277 81 83 401 27 28 17 671 1882 1883 1884 1885 1038 1886 1887 1888
68 552 116 92 411 86 950 1889 1220 1890 68 94 208 761 370 1891 1892 5 871 872 1893 411 831 394 58 106 329
114 81 939 191 354 729
81 1028 296 88 263 83 1894 88 725 80 81 793 567 26 400
68 1895 115 1896 14 68 843 230 83 366 115 4 68 1897 71 411 284 68 1358 1525 1898 79 331 1771 1436 314 1899 1771 23 79 1900 40 1035 1901 26 40 193
63 372 68 664 1902 82 83 79 312 367
344 1903 515 1904 1905 1906 1841
366 331 1899 1771 1907 290 1908 1909 1910 1911 322 1912 292 227 145 1913 1914 117 1915 1081 1193 284 117 543 115 461 228 1200 778 322 912 1916 1917 1918
1452 473 778 1120 79 63 372 80 81
1152 71 876 344 278 322 56
1120 82 83 916 63 752 58 79
104 84 58 1919 83 1920 1120 255 1921 1920 79 1922
1923 83 1924 1002 702 1925 1072 1926 1473 1927 1928 1525 322 1929
331 1771 1930 1072 1926 696 40 44 752 551 1931 1932 322 90 1933 71
117 1483 372 1934 1416 1935 1936 1937 1938
1939 764 1318 1634 1899 1771 34 104 1940 251 1899 1771 364 1941 1690 1780 1942 1943 1498 1944 40 657 1475 117 79 1945 1409 1946 322 1947 322 464 1948 1899 1771 283 40 1949 1074 583 1950 1951
96 1952 326 1953 58
84 1403 5 1954 1955 1956 1703 288 1957 88 1958 1959 1960
331 1899 1771 51 1961 1452 1962 1963 1964 117 207 853 1411 1964 932 1411 1965 1966
1967 1968 7 1969 543 115 473 778 5 228 1659 171 505 1970 304 151 0 1971 194 1972 1125 1973 1971 1974 1634
1975 473 1229 1444 399 311 258 1976 566 96 1977 322 1947 543 50 272 529 1978 473 1979 551 1980 1981 1982 34 1983 1984 945 113 114 394 1985 473 79 34 1986 1136 1987 1988 313 71 351 16
339 1836 71 688
17 5 1557 96 1989 96 1990
50 51 1991 656 1992 1993 404 1994 404 300 1995 145 1497 1991 1996 272 1991 656 34 228 1646 1997 1998 1999 79 2000 44 881 127 833 572 557 272 2001 656 2002 34 1591 145 127 117 2003 648 255 2004 2005 1576 454 300 255 228 758 981 2006 145 572 1681 2003
671 2007 629 2008 2009 1897
1921 2010 2011 322 1233 96 2012 255 21 136 669 55 2013 96 2013 1261 2014 172 113
117 2015
1152 243 5 2016 2017 292 556 2018 762 96 193 2019 2020 96 2021 2022 34 2023 96 2024
344 411 2025 300 63 44 5 104 2026 2027 566 96 1768 1136
5 104 1573 2028 338 557 1651 2029 1995 2030 104 2031 51 2032 51 2033 117 5 91 2034 71 2028 2035 96 2036 2007 5 104 2037 2038 2039 1764 2040 5 104 566 96 2041 2042 2043 607 1842 313
79 1771 1183 127 351 351 96 193 292 299 63 365 16
150 5 104 703 65 2026 2044 96 2045 292 50 238 2046 2047
117 681 94 2048 2049 322 557 210 2050 557 2051 648 96 398 2052 2053 96 210 210 2054 5 91 238 21 119 210 5 91 227 119 2055
82 83 482 2056 2057 90 300 44 117 2058 71 2059 603
2060 96 79 1183 127 5 104 2061 96 2062 547 5 92 145 2025 2045 2063 117 745 312 367 228 1615 2064 2065 694 758 2066 2067 603 228 145 2068 2069 127 2070
1921 104 228 2071 1399 94 490 5 547 2072 5 1812 2073 572 2074 16
1536 5 2075 104 145 2065 5 104 2076 171 1411 570 529
2077 2078 2079 34 2080 1915 2010 1573 2081
92 145 1680 351 1351 27 1932 322 27 1690 1916 1074 1681 2003
2082 96 193 2045 292 299 433 136 2083 2084 251 169 524 2085 588 313
63 68 2086
260 353 5 2087 2088 943 1919 83 1837 2089 2090 2091 2092 583 662 2090 565 2093 2094 2095 304 404 1615 16 51 171 94 137 2096 329 128 1204 79 2097 470 2098 2099 117 83 13 1019 1236 693 1002 2100 547 941 854
450 353 83 2101 21 2102 136 2103 96 567 339 1343
2096 300 44
673 617 2104 354 2105 108 2106 141 117 789 191 674 1097 2107 673 617 2104 354 2105 108 2106 141 117 789 191 674 1097 2107
2108 125 2109 2110 882 2105 674 2111 557 2112 210 158 2113 141
117 151 211 2114 701 141 2115 372 1906 153 154 2116 0 1870 745 793 2105 696 2117 2118 947 517 745 2119 191 290 2120 674
68 2121 490 514 89 1580 2122 2123 115 2124 50 207 519 745 2125 2126 2127 141 197 14 5 91 1269 763 63 309 2128 1269 460 2129 272 171 34 190 127 253 63 68 843 344 86 1790 517 210 158 207 228 290 2130 2131 225 524 691 145 519 1750 207 2132 182 2133 2134 2135 2125
2136 30 2137 2138 2139 1049 1050 1673 2140 2136 115 30 208 1529 2141 147
77 2142 2143 1673 444 1640 2144
2145 2146
50 2147 2148 151 109 2138 208 2149 2150 2151
50 1019 2137 2152 858 2153 711 444 2154 171 158 30 115 299 1513 1019 2141 2155
2156 2157 2158 351 145 2159 2107 602 115 1766 115 2160 2161 2156 2157 595 208 2162 2163 143 394 2164 2165 232 1097 2107 108 2166
428 2167 268 602 115 2160 2168 1118 2169 2170 2171 994 2172 232 1097 2107 2157 201 2165 2173 432 557 2174
2157 44 696 88 674 2175 2176 2177 2178 2179 2109 2110 34 2180 145 994 2107 758 50 201 210 2181 2182 2111 63 130 40 2183 2059 228 2184 1097 2185
2186 301 63 326 2187 2188 2189 23 153 2190 2191 88 1272 40 2192 1805 748 1318 364 88 2193 2194 2195 1249
88 2059 2196 228 2197 602 115 2160 464 846 268 90 88 674 25 557 93 57 2198
1160 2199 2200 732 130 5 228 1116 96 2170 2169 994 195 96 2201 243 1097 2107 1319
243 394 789 191 2027 2158 88 674 2202 2203 1259 144 2204 143 2157 2164 2165 916 281 2205
232 912 432 557 2174 2157 2206 1019 2207 23 394 1344 994 2107
2186 301 63 326 2187 2188 2189 23 153 2190 2191 88 1272 40 2192 1805 748 1318 364 88 2193 2194 2195 1249
1799 2157 51 2208 2209 88 674 1473 605 2210 338 283 268
14 68 421 378 2211 394 1183 2202 68 843 288 1837 2212 119 421 2163 1680 1839 2213 117 904 858
308 2214 23 2215 2161 2216 2217 1163 2102 413 210 1372 725 308 2214 23 2215 2161 2216 2217 1163 2102 413 210 1372 725
115 1249 2218 228 2219 354 2220 2215 2221 238 2222 2223 187 927 207 228 2219 2224 491 2225 1511
2216 2217 688
2216 2226 2227 858 2228 2217 2229 2230 2146 2221 2231
725 2232 151 2216 2217 2233 1458 2234 269 145 93 413 1074 547 2235 71 524 691 1336 907 566 2236 2237 2238 882 290 2239 100 231 329 115 1616 172 927 115 591 702
325 71 326 327 328 329 330 331 332 331 332 115 333 325 71 326 327 328 329 334 335 336 337 327 91 338 120 339 253 284 340 341 342 343
68 2240 427 191 2076 413 63 2241 1867 117 63 107 2242 68 94 191 192 2243 60 2244 361 719 2245 26 63 681 92 1074 591
151 1170 2207 2233 0 1870 2234
2246 308 1373 290 137 2247 2248 351 63
2249 2250 2251 83 145 2252 2253 2254 2249 2250 58 83 115 2255 300 115 44 225 79 413 40 897 898 2256 88 238 1715 304 115 2257 2258 1869 1870 2249 2250 2251 83 145 2252 2253 2254
2259 88 1861 351 1219 336 1440 1097 2260 239 286 1305 2261 260 88 193 1792 115 1305 2250 58 83 115 2255 300 115 44 225 79 413 40 897 898 2256 88 238 1715 304 115 2257 2258
82 83 328 354 107 1271 1211 2260 490 114 610 228 2262 2263 68 1218 411 2264 595 145 120 2263 1812 927 207 2265 366 2266 882 2267 108 5 595 2060 120 2263
887 83 115 95 2253 2185 990 59 401 148 115 751 402 839 879 880 34 881 83 114 255 520 198 2268 40 2269 887 257 628 61 77 2270 2271
2250 2272 2273 394 1181 83 145 2274 344 68 329 68 843 531 377 2275 2276 82 83
68 256 115 976 5 601 79 312 367 1211 63 115 107 1112 1261 65 5 2277 413 115 178 115 178 939 191 2278
127 2279 479 2280 733 2281 2282 1061 2283 127 2284 2285 2286 2281 2287 1077 12 353 228 1354 927 2288 2119 191 1845 2287 2289 728 191 228 1123 2287 2290
1444 58 207 14 256 2288 2291 353 228 482 2281 2287 2292 248 502 127 2007 1444
115 479 2280 128 127 2293
2294 2295 2296 2297 253 2298 34 364 83 2215 1645 2161 2299 2300 300 301
63 372 115 2301 339 2302 137 366 2303 272 737 5 2304 21 136 2305 2306 2020 128 907 5 2304 2305 2307 344 2302 63 372
143 2119 191 2308 255 82 83 419 79 51 255 912 197 14 2309 2310 296 557 40 1757 2311
23 1358 34 647 2312 2313 2314 2315 1959 82 83 115 583 2296 2316 253 2317 2318
115 197 2319 2317 2318 702 34 2265 127 2320 2321 2322 2317 2318
1615 272 2319 34 2323 2324 647 21 175 136 2317 2318 115 4 2296 2325 2318 44 171 2326 351 83 115 538 328 83 2327 669 2328 664 557 290 420 2091 2329
2307 2330 2331 2317 2318 82 83 232 40 2332 2333 2334 191 1070 2335 2336 724 725 726 2337 2338 2339 2303 1643 2340 563
2341 2342 2343 2344 1745 1643 825 231 674 2107 2345 914 83 2346 115 2347 2348 2349 2350 2351 89 2349 2346 353 145 854 55 21
83 81 1137 2352 725 947 2353 2354 2355 2356 2357
2118 947 2358 368 1600 2359 2360 2361 60 84 2362 1051 148 2341 2166 607 2363 1321 1137 2364 1137 725 726
156 2365 2180 2366 296 1425 1600 2362 2367 1137
2349 2368 2251 82 83 115 1458 1725 2094 519 536 232 752 37 2369
63 2319 34 58 1181 79 519 536 231 490 1725 1726 2370 114 2371 908 413 2368 58 232 233 2372 757 1261 79 68 228 2373 1174 1472
2368 881 2238 143 207 595 2374 1285 1286 90 115 519 536 354 2375 745 115 2376
516 145 228 2377 384 2378 2379 1273 1261 286 2380 2115 197 2381 68 329 228
232 44 751 402 80 81 58 83 2382 2383 1725 1726
23 106 144 2384 2385 83 2386 2387 2388 2389
1860 728 191 1530 1743 927 58
143 63 2390 2391 191 398 68 427 191 329 411 2392
1097 1428 81 2393 83 1049 1050 80 81 64 190 351 82 83 1317 993 1074
1061 80 81 2394 2395 64 190 351 82 83 2396 377 44 751 402 1487 401 248 27 1097 1428 846 1549
2397 2398 1428 1497 81 2399 83 510 573 1361 1317 993 1074 1422 1415 1409 2400 95 2401 778 1120 2402 2403 2404 538 539 2405 1142 1428 63 235 1497 81 2399 1600 2406
81 2407 2408 190 510 225 1361 27 1428 2409 83 428 580 2410 2042 83 752 2411 2412 1502 1361 81 84 2413 2375 351 83 510 2414
1118 78 2415 2416 1266 2417 1429 573 1361 520 207 228 2418 2067 81 520 703 413 83
83 2419 2420 1270 34 1291 1292 573 1361 256
889 997 1948 411 1254 1466 1467 2365 725
889 580 997 482 810 2421 2422 377 290 2423 2424 997 482 2425 1000 2426 2427 268 2125
2428 2146 79 2429 21
2430 1948 2431 115 2432 2433 88 2434 2125 2435 2436 2437 2438 88 2439 189
2440 2441 1568 889 1055 228 1344 1458 607 136 520 207 228 145 2442 55 470 2443 1388 688 2444 2445 2446
232 2447 2070 2448 2430 2449 2450 55 2451 2452 404 607 2453 2427 2454 2455
2456 2457 2458 1094 2459 2460 2423 339 374 745 115 2125 2461 136 2462 2434 260 2458 1102 207 2463 2423 2422 978 2464 995 290 2465 313 2466 1905 694
1425 60 1109 60 1105 60
128 2243 44 751 402 1049 1050 401 148 1924 44 1340 1137
1525 1061 80 81 82 83 354 1272 401 148 44 751 402 2467 1262 1649 339 2468
115 171 339 767 1072 1321 372 143 106 421 878
1130 751 1137 2469 57 2470 1321
1601 44 751 402 2180 947 2353 2354 2355 2356 2357
879 880 1142 2471 60 2472 839 44 751 402 2473 1487 401 2180 1601 1898 2474 26 64 40 902
1601 2475 300 115 1556 2476 2477 2478 300 2479 1358 2480 1601 595 515 2467 60 2481
402 464 1121 756 757 758 759
2482 2483 2484 2485 128 37 2427 19 2486 2487 2488 328 792 2489 2490 115 2491 2492 2493 2484 2485 2494 222 2495 2496 2497 2486 2487 2488
1613 2498 2492 2493 2484 2485 364 1879 1002 1091 2499 2500 2501 2502 2492 2503 2482 21 222 876 115 482 2215 1645 2161 2504 2505
2485 1183 2506 2507 374 1 2497 2488
112 417 2344 2410 856 1396 120 2508 68 843 913 39 68 69 106 37 835 44 68 69 106 37 835 927 68 355 2509 993 143 68 843 398 858 2410 1708 1709 115 1631 2510 232 322 50 115 322 116
117 114 413 745 34 7 2511 2512 2506 2513 2485 1121 681 267 40 2351 89 1122 115 4 1374 694 186 2514
2515 106 7 2516 1919 2485 877 23 82 83 2517 1229 79 1069 1954 43 2484 2485 2518 2519 299 2520
81 2521 701 1395 328 1397
50 77 2522 88 615 1426 1182
50 51 693 1097 950 2523 128 2524 2525 201 517 2525 2526 2527 2528 2529 114 394 2530 5 381 693 296 1097 1060 344 2531 228 119 2528 920 2532 460
81 311 253 156 557 2533 2534 46 222 701 1376 1377 2521 1378 1377 1188 1393 371 235 151 40 2535 1011 409 372 1906 225 702 990 40 735 1933 40 1210 107 108 211 2536 2537 2538 1188 231 1377 2539 65
150 2540 2541 2542 277 1722 203 204 344 2543 254 2544 43 2545 2527 210 228 2546 2547 2546 254 2548 380 125 63 2549
114 394 115 90 96 2074 130 1396 92 1019 441 2550 2551 366 398 2552 556 2553 145 2554 2555 703 993 58 143 106 239 286 404 1502 1750
81 58 156 243 50 519 2556
5 228 109 2557 2558 2534 81 58 63 2559 701 400 128 238 1728 92 5 228 490 63 96 130
63 107 1395 81 58 1396 1397
81 1318 1114 701 2560
0 2539 225 702 1188 210 124 63 328 1397 5 228 344 907 920 92 2561 2562 80 81 2563 563
89 1377 701 1118 933 556 617 2564 228 2565 2566 377 211 2114 701
2567 722 2568 127 1436 2569 2570 1378
1134 83 382 40 2427 617 421 143 881 1134 83 382 40 2427 617 421 143 881
82 83 1513 40 421 2300 2427 617 232 401 148 115 402 557 80 81 143 881 248 40 752 1165
881 2571 2572 232 1687 115 262 2349 943 83 2069 2573 936 40 241 268 2574 2371 253 1995 83 752 1165 1599 1134 2575 2576
363 421 68 871 1604 1134 58 63 40 402 754
83 2577 2574 2371 253 1995 117 482 2578 128 255 92 344 1141 730 191 69 2579 40 574 1 2580
2581 2572 2582 2583 943 1361 1509 329 2584 413 40 421 108 207 1195 290 1427 404 1639 454 55 1258 2585
344 107 601 2586 5 1069 120 1995 421 754 402 2572 881
106 120 40 429 128 950 2587 2588 361 2101 1995 131 2589 114 115 116
293 3 5 71 228 654 1242 56 572 151 2590 2591 1049 1050 2592 2593 127 1796 1638 1995
27 28 1061 79 896 293 258 1267 198 2594 401 151 2595 2596 2597 182 1141 2598 528 2599 416 656
232 77 2600 27 28 293 2601 2602 920 203 204 2564 1238 377 2603 24 370 27 28 27 1541 351 1219 1403 198 2604 190 1721 366 145 2605 528
68 256 1343 1255 114 656 279 2606 288 92 207 288 2268 2607 745 117 207 84 69 2608 528 71 127
122 627 366 106 329
79 531 401 262 1637 2609 1437 17 115 2610 40 2611 312 313 314 315 980 77 2612 2613
293 2614 2094 1780 96 2615 312 313 1061 79 896 293 364 2616 1086 156 608 2617 2618 2619 2620 425 2614 2094 2621 2622
79 115 2623 183 2172 511 478 2624 745 627 16 825 267 557 2625 2614 2626
2627 84 2023 0 2628 286 1072 402 2629 627 358 2630 1504 751 180 82 83 115 2631 2547 538 814 127 2632 2633
63 2094 1780 96 1576 2615 943 5 2634 377 2635 528 2547 1665 404 943 5 490 2020 0
293 2316 253 1259 2636 464 2624 797 745 344 762
5 145 2637 5 328 825 283 37 58
68 278 63 2627 927 63 2094 171 339 2638 2639 96 65 58 107 2640 67 2258 873
2614 887 171 115 2641 16 115 2172 21 2258 77 876 136 1615 55 65 981 16 322 2642 2643 377 889 115 2644 2645 125 372 1906 2281 118 34 2646 2647 2648 2649 377 2650
222 2651 294 115 2614 2652 2653 797 745 2624 290 522 2654 404 2655 296 351 2313 797 2656 372 238 2657 2624 1483 2658 290 193 608
293 115 2627 2659 1600 294 2284 980 887 401 464 2660 2172 2094 117 1739 1584 993 2661 1909
283 51 2662 127 629 617 331 2663 58 294 980
106 228 329 543 2664 2081 398 2665 2541 338 2666 2658 2664 973 79 82 2667 58 40 45
50 51 2668 372 21 136 171 1303 797 2669 2649 1185
1097 299 2670 2671 2672 2673 2180 2674 1070 2675 814 127 2676 2677
2678 517 2679 2680 2681 1388 2682 91 1043 51 613
5 228 2683 5 1069 490 1019 441 2684 1909 58 2685 349 115 2686 2687 2518 2688 2689 117 2102
127 709 1169 2690 2691 608 2295 2413 1429 360 131 2636 115 2692 2208 440 1065 360 354 300
79 115 1036 2693 371 235 2694 192 640 2297 2695 425 2163 1284 114 94 92
79 115 1796 2696 312 367 2697 2399 654 63 887 145 2698 1341 745 551 1174 1341 745 179 2699 551
375 2042 1714 360 900
2700 2701 79 349 2702 2703 671 2293 588 629
2704 425 2614 307 1043 2705 2704 89 2701 1183 1061 589 627 16 540 191
5 2006 503 440 425 2690 2706 1909 2707 2708 1204 876 207 58 1211 96 2036 2042
207 2709 2163 16 537 27 28 1750 2710 2711 2712 253 284 2713 1003 401 2714 2172 2715 1974 2649 34 871 1373 290 524 2716 2717 2718 2719 2647
2654 2636 2720 2721 2094 505 2722 2650 228 2723 1232 351 2258 764 117 360 425 307
1615 2724 207 21 22 136 344 278 425 2613 2725 608 2726 2727 371 235 2613 2728 2729 2730 2636
517 145 745 34 94 2731 114 284 255 125 143 207 1076 290 912 608 2689 58
83 2732 81 2733 2734 1804 2591 1049 1050 82 83 914 80 81 88 615 1097 299 1595
2735 2736 1061 82 83
179 751 180 787 21 136
80 81 2737 2738 413 411 2739 136 394 516 413 2740 2427 656 83 58
394 137 782 993 413 2740 2422 51 83 58 455 1374 2741 272 480 479 198 34 2096 747 96 130 207 69 283 268 171 94 1791 719 2742 517 2743 198 2744 2695 54 96 130 136 517 2427 2606
2007 58 394 58 2745 388 389 2746 799 2007 58 394 58 2745 4 5 104 2634 2747 40 2467
117 58 394 58 402 728 191 1464 2748 946 904 371 235 23 27 28 1728 1969 2749 2750 2751 2752 171 1933 2753 2540 1849 2754
243 68 1954 83 44 2755 2756 427 191 841 90 344 68 843 145 1293 2757 58 394 58 2758 470 519 2759 1261 2380 1161 143 5 210 71 2103 60 2760 993 2754 257 83
40 1146 2761 2762 58 394 58 2745 2763 2394 2764 2765 607 489 1261 889 2766 2767 763 2768 2102
82 83 2769 25
117 2770 2771 295 83 197 2772 373 231 2773 40 1161 0 2774 2775 938 482 470 2776 171 1719 2131
2777 75 2102 2101 2754 2540 68 2025 730 191 2778 607 60 2760 2037 474 1914
171 1342 68 2779 58 394 58 2745 68 689 2780 2781 2782 394 58 489 2783 1326 2784 835 1643 2785 380 2786 2787 1439 2788 394 58 2789 1049 25 2790
68 427 191 62 1049 104 2750 253 125 2791 2783 904 1118 2792 404 369 2792 2793 2794 2351 2795 117 2796 1305 2797 127 2798 890 55 2799 2800 2801 143 106 427 191 841 594 228 2219 2802 351 65 23 2803 1502 2762 338 2507 1880
1305 2804 2805 2801 2806 763 394 2807 1498 371 1304 873
404 1954 1049 2808 2809 812 40 2810 2811 2280 907 2812 2813 2814 34 2815 2759 2816 2817 145 904 115 257 40 2818 1290 2819 1905
1257 2762 1261 394 2820 427 191 2821 566 2822 2809 2823 2824 117 23 106 2825 2800 2801 2804 2826 228 482 2827 222 876
2828 394 2807 2829 2830 943 197 404 682 2831 228 993 2832 2555 115 1258 143 207 682
108 2833 2834 1374 411 2835 63 145 411 758 2836 993 90 68 427 191 2837 425 2838 2839 68 92 117 703 65
371 950 1342 545 58 394 58 2745 344 238 2840 1330 228 2091 2841 2842 290 60 2843 2844 2845 290 804 2846 517 223 238 2840 120 272 58 489 1049 404 107 394 58 489
143 106 144 145 719 2847 2848 394 58 2849 732 60 2843 106 144 605 2850 152 58 394 58 2851 2770 1291
2852 2853 60 60
2854 1634 1433 2855 2489 436 2856 2857 83 2348 2858 2348 2700 2859 743 482 2860 264 60 222 764
2859 84 482 2861 2862 179 751 180 82 83 689 171 44 1390 83 2863 838 296 23 2716 484 95 1120 510 225 1361 2859 311 95 83 179 1097 474 2864 63 2258 2865
117 243 2866 2867 2580 1591 225 254 702 2868 2489 824 40 2869 1518 2868 2870
2871 2429
2872 2489 520 2873 2429 2489 1447 368 482 2874 26 223 171 2854 1159 2875 413 2876 702 115 284 1436 2877 1539 2878 1183 2358 2442 2297 607 2872 105 231 2873 368 482 2874 26 290 2879
2880 1103 84 2203 2859 882 351 531 2881
402 1130 2882 2770 2883 83 1152 1157 253 1761 301
671 1882 2884 2885 2886 399 58 856 2887 40 193 2067 117 145 40 193 2888 464 1210 1130 751 1137 2889 803 417 34
2890 263 1061 115 2891 2892 2893 1158 2894 2895 2896 4 394 346 1152 1157 328 444 26 2897 751 1137
68 256 651 143 106 611 719 377 1152 1157 68 843 145 2545 114 139 1152 114 1584 1152 143 106 68 228 849 2892 2898 516 732 2899 413 2900 2755 2901 411 2899 68 427 191 256 115 519 2759 120 839 377 2902 2903 2904 2905
1210 1130 751 1137 730 191 69 1156 2906 1161 927 114 139 1152 114 1584 1152 1061 724 725 726 2907 2908 2909 331 2910 2910 563
268 2911 114 83 752 368 482 2912 2270 2913 1611 116 377 401 115 2914 44 751 402 179 1120 2915 339 365 2916 368 120 627 143 839 278 231 40 1161 83
83 115 2917 2918 1148 2919 400 2920 58 2134 322 945 108 696 1764 1605 81 368 2921 231 2922 2923 88 110 2924 2925 394 2926 23 394 1121 51 889 1321 2927 40 193 1196 2928 2929 1875 2930 2931 2932 2933 2934 277 40 752 81 115 2935 2936 40 2937 2938 1100 2393
114 115 1491 207 84 1152 1179 81 1497 243 394
243 402 2939 1158 932 2940 2941 873 2900 2755 50 51 2942 83 2943 1161 325 344 2944 171 873 1364 2195 296 82 83 2164 2945 246 2755 300 116 1211 2946 63 2947 1125 2803 107 2948 2949 1598 115 246 2950 402 839 730 191 91 1898 2904 2905
2770 1198 282 533 2888
143 633 544 191 188 2951 1137 4 2911 633 1156 2026 4 145 107 228 2952 92 2953 2954 2955 563
402 1130 2518 951 256 50 51 2888 107 849 2892 95 55 805 2956 1902 79 83 2334 191 1070 2957 2958 1919 947 209 2959 563
114 64 402 839 607 136 1152 1157 4 63 192 2960 2961 2962 2963 563
1818 83 115 2739 2964 2965 207
2966 366 834 2759 100 1361 912 1152 2967 100 2118 947 1152 2967 2968 2463 127 63 2969 2970 2971 563
2972 143 106 2780 2973 1072 778 115 709 908 64 2399 296 402 732 1120 328 2974 1125 1272 106 1364 69 1954 2975 27 1072 778
83 2976 82 83 2977 1042 1270 881 1599 1134 2601 82 83 1579 1966 402 1869 1870 83 2976 82 83 2977 1042 1270 881
68 228 520 363 1243
107 828 2115 401 148 115 402 81 1619 920 967 2 557 83 394 84 932 339 1506 27 752 2932
156 262 1134 2978 2979 2980 1330 2981 114 2911 83 115 2 1364 228 482
68 256 595 228 58 114 478 198 2248 51 2982
431 1134 58 81 2449 471 2983 2984 255 228 1948 83 377 709 343 2985
82 83 2977 1042 1270 881 68 2507 80 81 371 148 1653 283 2545 51 691 114 881 114 2986
68 427 191 256 80 81 257 737 371 148 143 2490 94 9 835 114 139 2987 791 17 394 1277 63 2988 2989 420 2990 566 2991 2992
1993 2993 44 130 1942 2994 2995 2996
2994 2997 2998
2999 1993 3000 1200 44 130 16 1942 2994 2995 3001 3002
27 203 1160 130 115 3003 3004 2401 2990 67 703 571 84 3005 2994 3006 3007 3008 498 1382 475 788 2994 3006 3009 607 608 1174 1019 602 115 367 51 130 951 228 3010 2994 1942 3011 1993 115
314 2759 667 203 46 3012 61 1121 2999 371 1048 3013 425 2838 1533 3014 386 3015 3016 3017 3018 3019
3020 1568 115 3021 864 2994 3006 3022 26 117 145 3023
3024 2994 3025 260 3026 171 516 145 3027 272 3028 409 377 3029 3029 3030
1374 3031 79 3032 3033 3034 1942 1160 3035 3036 3037 283 1993 3038 304 403 3039 3040 168 3041
145 71 1468 3042 1993 115 3043 603 464 364 3044 1880 171 1857 3045 3046
3047 3048 629 314 3049 792 2650
5 3050 2664 1130 92 197 737 354 1531 2163 557 1993 3051 2664 203 58 143 207 427 191
2739 1942 1653 1470 234 3052 968 117 115 3053 3054 3055
3056 3057 3058 37 38 1049 1050 3057 278 1267 141
68 427 191 228 1173 106 927 115 145 380 68 871 3059 2781 3060 3061
3057 278 1267 46 701 141 90 413 1650 29 706
3062 55 284 3063 89 729 2073 21 182 537 214 1533 1267
141 210 3064 114 207 58 225 702 107 748 108 701 141 210 3064 114 207 58 225 702 107 748 108 701
50 482 1341 3065 1405 3066 701 225 702 141 210 470 1405 1152
117 71 5 144 7 1183 489 325 17 702 2607 1584 3067 40 993 3068 3069 3070 108 3071 3072 3073 3074 1000 3075 71 40 3076 2527 3077 3078
114 1049 1893 210 158 2114 701 516 1399 1875 516 192 691 114 2113 520 1354 1626 228 1233 802 2133 1233 3079 1211 3080 745 34 107 1238 1342 354 1010 344 63 515 1228
455 127 34 381 3081 96 3082 517 2525 595 283 71 276
325 71 326 327 328 329 330 331 332 331 332 115 333 325 71 326 327 328 329 334 335 336 337 327 91 338 120 339 253 284 340 341 342 343
141 3083 210 1036 3084 1037 58 232 60 61 147 262 158 2551 3085 156 23 207 705 372 1906 153 154 155 3086 3087 3088 417 158 1183 231 3089 1555 109 253 3087 150 65 6 3090 1555 417 702 1188 927 3091 54 115 65 515 446 927 68 94 105 106 2888 1049 115 1584 3092 849 128 115 482 3093 344 762
211 106 144 3094 413 732 3095 3096 773 7 1188 3097 34 228 3098 290 3099 106 1611 63 858 106 490 702 120 253 40 3087 3100 106 105 231 601 1555 409
310 115 197 730 191 547
3101 1067 2358 3102 2597 701 3103 3101 1067 3104 148 3105 3102 401 3106 3107 3108 3109 3101 1067 2358 3102 2597 701
3102 3103 3101 3110 3104 148 3105 366 401 3106 2358 17 3111 3112 3113 1393 745 2673
3114 1882 2712 3115 3116 3066 3105 3117 3118 671 1527 3119 3120 1480 3121 34 1641 2597 701
737 115 2257 413 63 63 3122 737 520 117 68 415 3123 3114 3124 255 3125 171 137 3101 1183 633 151 3126
3101 3114 115 3127 23 3128 1393 745 757
1318 401 3101
3101 115 419 1592 80 81
293 3129 402 293 3129 402
79 896 293 1256 191 3130 40 3131 82 83 151 401 148 115 402 1504 180 58 156
79 1553 83 232 263 3057 3132 1804 83 115 550 80 81 464 1260 1943 1008 591 592
293 3133 81 115 1247 88 3134 583 90 394 115 3135 516 88 3136
3137 83 145 3138 3139 3140 404 3141 2379 3142 43 2555 106 329
68 120 1231 23 68 1611 2490 125 82 83 611 90 260
293 84 882 1188 83 1141 827 3143
3144 425 2838 2184 2001 338 283 602 115 3145 2453 1808 82 1539 83 3146 827
23 106 1611 2490 125 83 520 3147 63 3148 2001 63 3149 3150
1599 1134 83 115 752 1165
128 83 3151 947 125 3152 1749 82 83 3153 947 7 2787 3154 263 3155 3026 1227 3156 26 3157 3158 1609 3159 40 208
117 3160 83 3161 27 1294 607 3162 752 2288
83 90 1282 264 60 1273 1261 567 117 90 51 339 607 709 3163 60 3164 766 1846 271 751 180 278 377 264 265 401 262 3165 3166 3167 140 401 148
264 60 83 94 1297 3168 2604 296 902 413 40 95 1474 2253 3169
307 3170 296 264 60 3171 353 3172 519 65 7
271 1187 296 3173 40 752 17 2985 46 3174 1352 2103 125 1508 3175 1045 79 293 2922 752 2923 3176 3177 1178 1334 1361
407 567 264 60 1330 2189 2780 1496 3178 2580 368 3179 3180 3181 2215 207 353 549 457 296 709 2640
4 544 191 68 1027 1087 10 11 308 947 1072 3182 2507 80 81 115 1774 3183 281 752 3184 3185 338 88 283 591 592 88 3186 399 400
88 752 115 421 3187 1266 253 3188
117 14 1103 3189 3190 351 207 228 2195 267 2215 490 407 2391 191 351
2258 1805 2270 1428 1429 228 3191
14 192 80 226 4 394 2391 191 1027 1087 83
752 2141 3192 3193 80 301 3194 1699 3195 349 2081 236 300 243 394 908 413 2543 3196
3138 58 71 63 4 544 191 68 1027 1087 106 1364 1237 260
0 64 88 974 394 744 88 2739 1272 3197 143 207 329 1399 34 3198 83 143 106 92 329 2490 34 1364 230 83
3199 3200 112 94 9 3201 125 83 3199 3200 112 94 9 3201 125 83
351 547 40 876 26 3202 645 3199 3200 58 147 991 2206 1399 34 94 3203 3201 3204 125 82 83
50 115 112 68 871 2206 411 341 119 3205 128 9 3201 128 355 114 115 682 128 9 114 115 682 128 120 116 197 3200 1183 1612 3206
267 752 925 83 151 502 764 3200 3207 179 180 145 107 286 115 16 3208
115 3026 71 351 16 82 83 601 1341 3209 397 3210 201 312 367 627 16 1341 3209 2184 1341 1724
83 3200 1318 1241
62 835 23 68 105 106 68 256 106 144 71 3211 2901 63 96 1487 79 3211 3212 2371 1341 1713
3213 40 2651 1305 3200 58 368 2195 3214 23 68 91 2490 411 489 731 127 1713
3200 1016 771
68 256 23 106 3215 68 2025 106 71 792 253 3216 771
1109 3217 3218 1497 27 1541 2532 3219 1109 3217 3218 1497 27 1541 2532 3219
44 3217 24 2232 1541 3220 858 27 28 1487 14
27 1541 3221 30 417 3183 3222 3223 1497 3224 94 3225 3226 3219 1598 1013 2334 191 1070 3227 3228 3166 3229 3229 563
981 71 517 3218 228 482 1497 3230 1763 165 951 573 1763 1580 404 192 3231 3232 667 788 2427 19 255 2004 339 573 2896
325 71 326 327 328 329 330 331 332 331 332 115 333 325 71 326 327 328 329 334 335 336 337 327 91 338 120 339 253 284 340 341 342 343
290 3233 1812 733 56 207 288 3234 2597 3235 117 3236 92 344 5 427 191 329 1388 688
7 58 3237 517 745 228 482 3238
3239 3240 37 1160 3 24 101 3241 191 1070 3242 3243 3244 563
415 1538 3245 1259 125 63 2584 3246 378 3247 197 3248 60 5 1069 838 106 21 2898 2993 2364
80 81 277 77 3249 68 938 3250 357 63 1049 1050 263 1160 81 752 115 960 1102 3251
81 3252 409 3253 563 567 88 3254 3255 88 3256 81
23 106 490 128 260 387 82 83 92 106 256 2973
23 106 111 82 83 115 3257 257 3258 40 193 3259 257 3260 293 3258 3261 115
3262 939 191 338 1432 3263 2286 3085 824 3264 2353 2354 2355 2356 475
1437 1302 602 115 3262 3265 3266 3267 3268 1432 1450 3085 2486 2488 91 145 228 3269 1432 645 3270 904 444 377 1432 3271 71 2600
1432 603 3272 3273 3274 3275 50 51 1236 3276 3267 1524 77 2752 338 846 147 3106
1152 63 1270 86 907 2766
3267 145 272 3277 3278 645 3270 2488 34 115 3279 1640 595 228 482 3280 50
1436 314 3281 3282 58 147 262 2488 2265 27 28 29 3225 1204 208 1432 1442 50 464 2171 354 3283 351 1083 3284 3285 1443 1568 645 27 1541 0 1432 1442 3286 617
2693 602 115 1436 3287 3288 115 854 3277 1458 1851 90 2800 595 2076 648
2007 1436 34 881 3263 3289 3290
127 1995 257 145 746 3291 3292 3293 2 1049 1050 2611 3294 1780 1995 3295 822 127 1628 3296 3297 3291 3292
127 3298 822 371 235 1995 3269 2639 438 3299 3295 932
3300 331 3301 3302 2625 1995 2285
3303 3294 2639 3304 51 3291 3292 3305 3306 822 3307 1997 3308 2173 3309 3310 3311 2693 3312 563
371 235 1078 3313 3314 3315
1 370 573 3316 751 1074 3317 520
80 81 82 83 228 649 253 981 370 464 2115 1658 745 1641
331 3318 671 3319 3320 933 2519 299
23 1321 3321 125 63 106 3322 228 745 1200 21 3323 23 745 21 3323
1425 60 1525 1103 1428 846 2173 81 2284
2361 27 28 1728 1428 846 2173 368 81 357 119 282 3324 19 1097 299 248 439 3325 3326 83 115 439
3327 3328 3329 1428 846 2173 464 3325 881 34 207 2507 255 92 119 282 3330 130 379 19
3331 115 482 179 778 34 3332 965 3333 165 203 204 2519 299
3334 1321 3335 377 1072 1172 78 3336 3337 413 1097 299 1804 370 117 3318 58 1072 3338 595 84 3339 192 3340 370 457
3289 3341 3342 1072 2804 757 3343 27 28 34 1225 333 413 1072 3344
68 228 256 1 1321 63 130 731 83 2268 81 517 1321 3345 3346 207 92 353 3071 238 2640 3334 640 131 588 1196 1580 3347 533 307 58
353 84 1301 5 91 2738 615 616 19 615 3348 83 23 3349 3350 34 228 374 3351 1390
93 106 91 329 413 83 81 115 44 751 402 879 880
44 314 407 751 402 1121 756 757 3352 27 28 2173
1262 71 709 2308 3163 260 3353 709 2867 60 3354 722 3355
879 880 34 3356 1142 2471 60
402 3357 377 1939 3358 828 658 658 3359 611 1270 880 151 464 658 78 228 77 828 3269 89 858 2974 3360 658 607 401
402 81 115 1278 1269 2752 1805 2270 232 464 83 3361 907 1100 190 394 305 46 88 474 81 115 2976 84 482 3362 88 1196 1258 402 1363 731 88 3363 83 115 3364 117 473 1120 84 565 1299 1058 3365 136 83
83 482 810 3366 1196 3367 2091 1966 1118 455 684 3364 595 2803 402
402 277 79 3368 1316 179 751 180 1285 1286 2400 3369 797 745 3370 2308 1612 402 981 3371 581 696 3372 3369 250
3373 3374 3375 1142 2529 339 1260 2308 3376 602 115 1305 3377 797 1330
6 3378 584 2653 797 745 3379 34 1260 3380 3381 3382 3383 283 44 3384 3385 475
602 115 1436 391 51 3386 3387 2488 1432 645 824 3264 2353 2354 2355 2356 475
2486 2487 2488 444 377 3271 151 3388 210 401 3389 721 1539 3390 3391 3392 3393 3394 1869 602 115 1436 391 51 3386 3387 2488 1432 645
59 156 2007 3395 1524 1432 3262 3265 3266 3267 226 2488 3396 1511 3285 557 231 645 3397 255 84 3398 3399 231 40 197 3400 40 197 3401 2065
688 1450 854 602 115 1436 2726 2570 27 28 3287 3288 58 3402 3262 147 2488 2391 191 1432 3271 344 50 51 1531 2619 1432 626 120 2114
3275 63 3403 2486 2487 2488
2007 3404 3405 2488 482 361 801 3400 981 40 3406 117 115 3407 943 115 482 3408 40 3409 687 404 943 115 364 1019 1851 145 1741 1436 3410 3411 101 520 145 482 3412
243 1436 314 3281 3282 58 147 2488 255 444 1437 3225 1204 3402 1450 3413 51 3414 470 1464 1450 520 2488 51 687 1432 2553 791
3402 3415 3404 1432 3416 854 27 28 228 2006 3417 2488 115 3403 117 1450 520 115 3418 3419 904 2265 645 1450 1224 2595 19 3420 17 3421 3422 2430 145 2887 645 3423 3400 904 207 3424 645
82 83 115 396 2834 1729 1730 3425 1049 1050 1729 1730 1344 3426 83 234 63 372
1525 1061 1527 3427 3428 493 1729 1730 232 1504 751 2937 117 14 472 3429 179 120 967 667 82 83
55 172 63 778 516 145 95 83 63 64 2832 3430 80 81 3431 79 3432 2051 3428 58
607 489 1730 2863 520 44 577 1882 328 3433 40 3434 3435 3436 404 605 3437 40 193 2739 34 3438 83
68 228 2313 495 1072 3439 58 1871 3440
613 136 77 764 904 407 567 83 399 400 601 1730 3425 83 115 1428 1429 396 14 3441 3441 557 81
83 1581 81 2427 617 65 515 3442 80 482 1638 1995
82 83 278 515 156 128 602 115 3443 56 54 2427 617 3444 763 79 896 293 80 81 115 2528
3442 80 482 1638 1995 404 3445 394 482 357
46 2595 3446 3218 27 28 27 1541 351 1219 3447 3448 83 401 3449 81 88 3450 217 2832 1128 3451 1 2580 54 2045 370
543 80 81 438 400 394 520 1228 3452 1399 3444 2172 763 1356 394 438 629 617
83 2577 838 566 517 3453 18 182 181 591 592 1198 2693 1400 1858 557 2427 617 446 572
207 682 520 5 144 572 413 1226 83 58 517 656 3454 3455 54 96 130
3456 3457 3458 1444 3023 283 3459 3460 3240 3461 186 1512 3279 1061 671 3457 3458 3462 27 1541 1460 1542 1543 3463 3023 283 3240 563 3464 3465 1508 1525 3466 186 1512
2700 3467 671 3457 3458 2518 710 3468 3469
3467 34 1692 3470 2977 171 3471 3169 2082 3149 850 3472 1575 171 3473 687 3474
3467 3475 1160 40 1086 533 3476 3477 371 235 7 1897 473 3478 601 231 3479 1077 3480 3480 1543 3436 3481 3277 927 257 145 69 3482 1399
3483
109 3467 803
1448 2631 3484 703 567 3485 3464 3465 255 792 2213 3486 3487 401
68 257 145 1270 3488 1444 854 3127 3467 58 645 23 881 143 3489 1851
3467 712 32 3490 3491 3492 3464 3465 3493 1261 1680 993 3484 40 858 3494
3467 3484 3495 3268 50 255 51 3496 3497 3465 3459 3460 1444 404 889 207 3495 128 3457 3458 255 3360 55 3498 3268 71 2297 255 3499 3500 115 854 3500 255 145 2077 2297
63 3501 3502 1196 3495 3503 3500 3467 58
3500 881 23 44 567 997 3459 3460 23 3467 1183 3500 563
3467 3477 40 3269 421 966 409 71 1340 3459 3460 3504 3505 117 151 3506 691 3457 3458 3507 34 3508 63 595 733 3509 3510
1549 563
3511 3512 3457 3458 314 1165 1508 1525 3466 998 634
3467 1183 3512 3465 255 116 2213 921 3513
68 1183 231 145 520 1228 2833 3467 3477 3467 1183 3512 103 55 3498 2517 232 3465 3500 115 854
3467 858 1511 671 3457 3458 1036 3514 3515 3516
3467 84 1511 3517 3518 3457 3458 2518 3519
567 3465 696 3467 1260 3240 2547 296 3520 1510 3457 3458 640 3521 3459 3460 489 1508 1525 3466
68 1131 421 68 368 693 377 3522 479 3467 3477
3467 3477 278 3484 262 105 88 3240 3521 296 394 3523
502 2297 1587 696 1893 3500 3467 3459 3460 1444 1174 30
371 235 3467 3477 3500 115 654 3524 617 2652 2902 1821 1543 115 640 290 1230 2052 2200 1543 115 854 115 2329
3467 58 2184 3525 3500 689 932 171 3526 350 63 1400 1152 3127 1543 115 2067 404 519 821 272 171 749 23 1358 3457 3458 2085 3467 3500 932 171 3526 350 3527 464 3528 255 364
3529 83 596 3125 2759 137 1354 300 3529 83 596 3125 2759 137 1354 300
82 83 3530 312 367 248 602 3531 3529
355 300 125 950 2759 16 137 1358 296
3529 1407 313 125 3532 1411 3533 1411 608 117 1614 300 849 927 115 2759 171 83 288 3534
2759 3535 296 556 3536 71 3536 556 71 106 329
751 1074 3537 2736 1049 1050 1172 80 81 82 83 1118 1406 2736
3538 510 573 1361 2894 83 81 115 2406 343 3539 253 81 115 3540 46 473 474 3483 223 904 407 2736 1072 3317 520 115 1399 115 3541 34 2195 253 1230 3542 617
344 143 68 368 2631 543 255 1812
71 1711 888 2736 115 68 3543 1807 647 3544 3545 488 1556 165 3546 3547 3548 3549 2302 1826
3550 107 3551 3552 3553 1093 90 83 3554 80 371 148 115 402 3555 3556 1428 2195 253 371 148 115 402 1061 3557 1428 1579 439 3325 3558 80 368 939 402 688
1093 125 63 3559 659 128 465 803 401 115 402 2880 1103 3560 563
4 63 3561 3562 1428 344 3563 71 3564 1093 269 83 1590 80 927 63 1187 128 3564 1093 3565 1061 381 3566 745 2833 2555 94 1173 3564 1428 3567 2829 3568 931 171 489 404 607 3569 3570 115 3571 1612 464 3164 2118 947 3354 1103 1428 3572
50 115 84 1152 3573 1118 3574 3575 3576 371 148 115 1428 3577 3578 128 1753 3579 3564 1093
547 3573 544 191 2978 3550 71 3580 455 3581 253 2873
3560 1708 115 3582 3583 3584 3585 563
3560 505 3586 357 3587 106 3588 3589 1539 3590 3591 563
2025 51 171 3592 109 3593 3594 63 1474 3143 3560 724 725 726 3595 1849 3596 3597 563
3560 3598 664 80 404 1709 31 81 92 325 835 724 725 726 3599 3600 3601 3256 3602 3603 51 3604 563
1257
68 939 1261 1428 371 3605 751 402 3606 1584 1260 1061 1428 82 1539 83 3146 563
1110 725 197 14 3607 2515 106 82 1539 83 3146 563
470 1411 195 2611 402 1093 2185 405 3608 3609 3610 191 1070 3611 3612 724 725 726 3613 68 3614 82 1539 83 3146 563
1114 1049 1456 1457 694
2091 3615 1093 215 1719 1336 1031 398 80 939
3103 3101 1422 3616 2555 113 207 144 145 116 416 1049 1050 473 3617 751 1120 3103 3101 417 1345 778 1422 78 229
3618 557 3616 68 256
411 3618 557 1409 3619 3616 3620 3621 1508 3175 1045 1074 1345 778 1597 3622 3623 3624 3621 1697 1427 27 3625 2736 143 3621 368 482 79 5 1369 3626 191 368 322 945
2243 2349 2368 354 83 115 193 1374 167 231 3627 151 402 301 143 50 115 1399 63 567 3628 34 339 3629 730 191 3630 1374
243 531 2369 3631 752 37 80 81
1261 79 68 228 2373 1174 1472
858 938 719 3141 58
516 145 228 2377 384 2378 2379 1273 1261 286 2380 2115 197 2381 68 329 228 207 3632 128 283 325 119 106
1860 728 191 1530 1743 927 58
2368 113 5 328 71 329 63 64 407
143 63 2390 2391 191 398 68 427 191 329 411 2392 114 3633 835 413 63 1074 128 3634 40 3635 413 286 745
115 1249 2390 3636 398 80 3637 81 328 96 1487 79
2243 3638 2368 25 26 83 351 83 115 1381 413 145 3022 1743 3639 835 114 2371 908 413 724 725 726 3640 3641 3642 1142 2471 60 3643 563
602 115 3644 3645 3646 1971 3647 933 2519 299 115 3648 314 58 745 34 3649 3650 404 3651 2985 3481 2442 3646 1869 1870 602 115 3644 3645 3646 1971 3647
1639 745 34 368 1692 482 3649 3650 404 3651 602 115 2985 3645 3646 933 2519 299 115 3648 314 2180 401
2283 3652 3645 933 2519 299 632 628 863
3653 364 933 2519 299 115 854 3648 314 464 846 437 401 3654 3655 1449 3644 3645 3652 933 2519 299 115 1449 3654
1343 769 1152 3655 1449 517 3420 353 228 482 3654 65 3656 263 516 145 3657 1218 3658 1152 3645 3656 404 3658 3659 3656 3660 3661 3567 3662 3663 1102 578 1065 517 3420 3656 368 482 3664
1639 1340 3420 3648 314 115 854 3665 1692 3650 3666 34 3645 3646 858 3659 3667 299 3668 920 164 3669 404 3670 3671 3672 863 58 71 1340 228 981 368 290 299 3673 3674
63 1259 2184 1385 3666 1290 687 3675 602 115 3646 1211 3149 3648 314 331 3676 58 2548 3149 3677 3678 3679 3656 3680
179 751 1120 82 83 364 375 3647 207 3681 602 115 709 1160 40 751 3682 1141 232 1504 2937 300 3683 1942 71 3684 3685 602 115 904 21 3686 375 3687 595 601 909 981 493 763 3688
3689 3690 80 3691 80 81
3689 1118 646 2901 81 3138 1373 339 88 190 351 2258 1805 2270 885 21 1363 1272
115 248 3109 3692 3693 692 3694 3695 499 1098 367 3696 3697 3698 461 439 1472 439 58 81 824 21 3691 1279 136 83 117 461 3699 3700 1266 3365 83
394 1005 191 824 21 3691 117 344 758 3701 2159 1272 3702 1002
947 83 1002 228 693 3703 694 1266 83 27 3625 1897 1185 1844 427 191 120 3704 3705
80 81 3706 889 341 7 1121 3707 849 1123 63 402 51 3708
1472 84 58 81 824 2695 3709 401 148 117 849 3710 1095 1093 1102 83 3711 81 1019 1098 367
2744 394 1396 3712 1110 58 3713 179 991 872 1399 92 108 63 88 1278 877 88 371 1278
394 37 83 115 3714 504 402 1247 394 1685 994 1272 828 355 3715 828 404 412 887 88 2929 565 267 3716
80 81 2171 92 260 394 1196 1197 58 1526 179 3691 82 83 145 229 40 2089 482 357 86 260 40 889 2600
947 355 34 950 2986 902 573 80
81 115 3717 1595 2528 51 948 3718 3719 351 3720 1879 183 3721 94 991 3179
628 1181 83 416 58 2736 1897 290 3722 88
947 991 482 21 1853 1120 3723 1305 1061 1142
881 943 207 3724 402 228 578 636 1074 339 3689 1118 646 256 3725 3714 171 78
510 473 3689 439 62 81 801 402
83 3726 3727 1125 927 415 516
1429 3728 1472 3729 613 3042 1504 1123 3730 439 256 402 731 83
83 339 1290 3731 751 192 3732 58 27 3625 179 516 1618
143 394 3733 40 3734 267 2956 88
607 3689 688
5 144 2258 3735 139 402 3736 3737 1850 152 3738 1173 1286 3628 1323
517 620 3109 3692 145 71 1999 3739 63 1338 3538
3740 3057 2631 3741 3742
2736 3743 3744 155 3745
3746 3103 3747 3748 1346
1526 2402 3749 3750 3751
3752 3753 1856 3754 3755
27 3625 3756 3757 3758 3759
236 237 427 3760 3761 3762 32 3763
3713 3764 3765 3754 3766
3631 1542 3767 3768 3769
3114 1033 3770 3771 3772
1752 3773 3774 3775 2446
82 83 743 107 3776 3143 344 3777 283 732 1711 3778 3779 437
82 83 743 3204 3052 3780 172 137 354 2118 947 86 1639 115 3781 277 231 1584 1035 3782
397 3783 3784 3785 669 2118 947 3786 283 3787 227 260 377 1487 3788 3789 3790 23 63 407 2060 351
543 115 3791 423 3792 3793 743 3794 3143 363 3795 131 3796 1097 2960 2549 197 14 2109 2110 1097 2107 21 21 3797 3798 354 2105 674 95 225 524 691 21 21 2218 3224 227
2115 115 3799 691 1347 3800 3801 128 106 3172 413 887
876 5 871 3026 272 568 3800 2218 1875 413 150
1220 23 106 144 2226 3802 3803 106 228 480 65 3804 1374 106 746 23 308 3805 3026 3806 745 716 382 4 745 125 2110 455 34 228 3807 40 190 2768 86 197 5 144 1646 3808 309 745 34 256 3809 732 574 351 732 3810 2501 1835 3811 3812 115 145 44 3800 2911 543 114 23 2079 1185 3813 3814 304 197 106
3815 645 3816 455 308 1261 65 887 497 974 3817 380 2218 256 328 3818 125 1794 3819 997 2135 68 871 58 1233 399 63 3820 1974 1728 411 1704 284 68 1069 520 400 3821 3800 272 171 207 490 3822 71 1715 2787 3823 1019 3824 136 3825 3826 125 82 83 743
21 3827 748 82 83 10 11 371 235 68 1524 3820 1071 82 83 115 1836 235 464 104 228 482 259 3828 308 991 3829 2468 3541 114 63 2258 235 482 192 119 179 180 79
1105 3830 1093 1187 95 83 583 3814 1813 1105 264 60 1428 464 444 563
82 83 84 201 40 2042 3831 40 1196 3813 3832 0 3833 3682 40 3834 421 974 3835 3836
82 83 3807 40 3834 1196 974 0 809 974 420 3105 27 28 464 3837 1019 27 28 115 339 324 3838 3839 16 536 3840 83 115 3841 235 201 40 1861 3842 3843 1102 17 846 3402 40 758 577 3254 3844 3567 40 339 222 3845 1861 607 3795 3846 40 3845 1305 607 136 3090 3847 3848 83 3849 3841 2929 547
83 3807 296 3842 3843 263 1861 754 1102 3368 3850 232 1861 83 3851 59 148 3253 92 380 3852 520
14 143 71 63 145 669 82 83 3853 40 235 26 2332 2141 3854 40 27 1637 671 1103 854 2358 1525 3855 17 2442 3439 2287 2201 158 3856 3857 195 3858 83 932 2141 145 272 1533 40 1637 3859 7 3860 77 876 1498 824 3861
399 400 1072 3862 3863
82 83 3864 3865 947 2154 82 83 115 3153 7 415 2364 633 993 253 2356
278 377 264 265 401 262 3165 3166 3167 140 401 148
3866 3293 2985 2678 253 3867 1361 353 3868 1530 26 83 143 681 1709 3869 1120 115 3870 480 964 902 243 3871 3872 510 2770
83 115 3873 2415 520 21 3154 136 80 81 117 51 523 1249
3874 3875 3876 81 83 233 401 157 90 394 730 191 92 628 3877 117 81 444 902 633 1303 3878 628 3877 2258 77 2270 1174 1506 401 262
517 3879 243 3230 3880
115 482 21 136 223 981 82 83 1121 628 61 2700 3881 1456 1457 1114 401
83 115 222 1645 2600 3842 3843 1102 754 1102
83 371 957 1061 59 3483 927 1346 3882 3883 83 413 1120 115 3884 3885 3886 1103 115 3887 3888 3889 728 191 792 86 260 83
111 344 145 260 1152
3890 667 668 1142 3891 3892 1144 1145 1150 1247 2776
83 516 228 0 2361 263 387 752 3893 58
83 932 86 86 3154 628 1382 40 752
3894 58 613 3154 68 256 238 3895
688 339 198 1233 329 83 3896 1879 730 191 91 3897 40 3898 3899 3870
63 3900 3901 947 271 84 3902 2172 510 83 115 3903 1336 907 3904 3849 264 60 14 3905 3906
248 3907 147 115 3478 1613 1180 1595 1128 3066 239 198 63 407 1135
248 3371 250 272 3908 115 797 2471 1330 239 286 431
3909 3910 51 2573 4 83 1081 1049 3911 3909 3910 51 2573 4 83 1081 1049 3911
23 565 83 752 115 3912 3913 3914 557 1525 1103 1049 419 1592 3915 3909 1607 59 156 148 3916 52 3917
3731 1687 115 3918 1333 3919 2568 151 3106 233 3920 3114
260 68 256 114 5 1497 50 1065 3921 3922 1049 50 3923 3072 413 83 1081 68 843 3924 207 1069 1685 1699 455 3925 207 3926 3927 203
2568 765 2586 296 887 905 3909 2589 114 3921 3922 752 3928 1105 1103 1049
260 68 256 1081 1685 3187 455 253 50 3922 3923 1525 1103 3072
2584 3929 413 3 24 3085 2486 2487 2488 210 543 2641 702 1653 3930 1738 2595 3931 3932 27 28 29 27 1541
702 2486 2487 2488
602 115 2167 894 1183 1425 60 2488 1358 602 115 117 40 798 1318 58 1792 1358 351 645 1449 1094 2486 2488 2413 1792 353 228 238 1633 3933
171 227 1542 3934
2488 3935 3936 1568 1287 1048 1048 17 258 941 3937 115 463 2552 556 117 257 145 3938
68 2195 366 1261 235 404 77 107 120 380 3939
620 2488 1792 3000 257 145 120 814 260 2527 210 606 502 158 2424 3940 227 351 3941 3942 3890 1654 115 3943 3403 3944 3945 3946 3890 1531 691
3947 3948 351 2488 115 2258 3949 1174 114 353 228 482 222 1505 372 758 3950 464 3951 3952
3483 2488 3274 151 2424 3447 1708 3953 248 645 1486 1442 1443 210 211 58 211 1342 62 172 2876 1002
543 2488 1188 1639 399 210 232 3954 3955 108 2641 858 444 2527 1640 2564 58 145 3412 3947
59 401 1444 2180 3285 557 2488 3890 3388 210 2313 3956 1083 3284 150 463 3957 2092 3295 150 463 2092 3295 3957 3958 3959 482 693 797 3407 143 2488 1436
1425 60 3960 3961 2156 1543
3962 115 769 2173 3963 3964 63 437 58 2486 2488 1358 602 115 2488 115 798 1318 1183 1425 60
83 115 3965 3966 225 1361 2864 82 83 1951 147 262 3967 1807 239 286 254 3968 1002 1120 34 595 3203 1713 2190 300 1483 1115
251 444 83 225 3967 244 29 3969 234 63 1151 787 3970 591 3971 3972 236 237 17 156 3106
147 83 922 752 925 671 3973 3974 427 742 34 3551 721 2344 108 1750 3975 2864 3967 243 3976 83 3977 742 3978 83 3979 1120 34 255 3980 3981 1072 2553 824 464 3982 228 3983
2553 307 115 272 3977 354 2553
151 3967 2141 83 3252 3478 1613 264 60 2295 3984 2862 2145 3908 881 1612 1979 114 255 92 1699 182 225 254
5 257 27 28 258 259 260
3985 3779 1196 1502 1722 510 1595 31 32 33 3986 3987 3868
117 192 108 83 115 37 38 1381 793 3690 40 137
68 427 191 329 114 1919 83 908 413 520 1259 239 198 3988 136 115 137 482 1527 331 3989
83 115 1100 1429 510 239 286 1361 228 482 3990 1266 3231 3991 1019 62 40 2412 225 1361 907 413 3992 1223 591 1361 131 1766 455 3993
27 1706 3994 2381 2864 83 3995 3996 3070 3997 1019 40 3328 3998 3999 40 4000 108 2302 2238
4001 83 115 197 3915 3909 40 134 649 419 1592 40 2115
68 843 849 1341 1472 949
83 34 278 1002 203 338 1120
14 257 394 120 4002 394 4003 114 1354 117 877 745 125
742 1999 1230 1504 1444 368 4004 145 2076 179 1097 474 2467 2258 4005 4006
742 4007 4008 2713 4009 4010 4011 312 367
1261 591 1243 328 1195 664 82 83 58 742
68 1183 1849 4012 68 58 143 106 144 2930
23 83 882 40 1269 4013 828 1318 4014
108 742 3318
2344 407 2744 1200 1474 3318 4015 68 871 1373 4016 128 238 1728 4017
3318 58 145 272 82 83 145 1474
83 1605 461 368 1969 225 1361 3626 191
207 2195 207 354 732 664 83 58
2349 2346 83 728 191 2631 293 115 897 898 4018 728 191 520 4019 4018
82 83 2060 1860 79 896 293 115 286 4020 371 235 117 171 40 2739
143 417 79 884 366 877 2898 68 427 191 228
83 115 268 293 115 4020 2346 1185 728 191 4021 835
2346 1252 83 2862 3026 40 480 967 2846 3886
83 4022 1072 3987 1160 1211 4023 4024
117 243 83 2006 4025 2253 887 2346 1344 267 409 40 193 805 293 115 897 898 4026 156 4027
147 2346 1183 3109 101 377 4019 4028 3277 1513 114 1236 251 1630 296
2346 84 765 4029 1002 2253 2185 1089 40 101 3901 4019 648
6 255 145 520 346 293 884 602 115
68 228 51 2759 14 17 884 2346 58 106 1611 1341 3072
83 257 145 4030 897 898 887 108 180 1121 628 61 371 235 2346 58
68 728 191 329 116 520 58
896 293 4031 4032 980 415 86 4033 127 1049 1050 293 444 4034 941 4035 4036 4011 63 1151
27 28 1061 79 896 293 161 171 40 339 4037 588 4038 147 232 2611 980 4039 4040 4041 4031 4032 1540 43 371 960 4042 296 290 4043 4044 108 293 4045 854
531 108 290 4046 293 58 4047 4048 4049 292 4050 4051 566 40 583
96 2025 517 4052 5 120 454 128 4011 391 1487 1805 876 114 1385 114 206 338 3677 5 378 4053 4054 4055
4056 1200 1085 637 277 293 40 4039 4057 1999 591 592 810 7 613 136 4058 2768 40 3779 127 2528 125 1690 813 1684 293 115 1621 980 147 4032 573 290 2611 477 208 208 4059 108 27 79 4060 4061 854 4062
293 4063 4064 2395 4065 4011 306 40 4066 428 804 4067 1842 277 231 4032
4068 4069 2571 4070 40 4071 1049 1050 3114 1460 4072 4068 4073 2571 4070
1061 4074 253 2571 4070 351 1219 2115 4075 627 3114 1460 4072 4068 151 1870 4068 4076 4077 2247 4078 1114 4070 115 1757
115 3968 3740 1531 1525 117 145 3114 2215 4079 4070 1364 228 482 4080 23 394 4081 717 4082 310 4083
145 6 145 146 3445 2897 404 4084 627 231 3626 191 329 4077 404 3890 4085 143 770 296 780 40 574 4086 58 115 2089
4087 115 1072 1643 2123 4088
100 115 4089 2334 191 1070 4090 724 725 726 4091 4092 3641 2123 4088 4093 563
4094 83 115 702 4095 1316 2752 1747
633 711 4096 1497 2752 4097 4098 4099 4100 4101 278 425 3003 3468 2254 228 876 1363 2543 1681 3003 4102 40 1738 83
63 4103 411 2623 68 228 482 1681 1197 339 411 4104 284 68 3706 876 15 3587 4095
114 115 63 2319 115 1879 417 171 671 4105 3003 4106 34 3706 876 1681 255 228 4107 50 2752
68 368 145 1604 1316 2752 108 1358 253 947 417 0 1252 4105 4108 34 258 671 1315 2081 351 77 4109 117 68 552 719 1341 1587 265 226
4110 68 871 991 1604 1316 2752 904 63 83 1738
1708 3000
63 482 634 2629 627 4111 1120 981 696 441 799 4112 1273 51 3135 1525 4113 4114 4115 68 843 116 4116 2781 272 950 339 3135 745
3681 1316 2752 372 1906 4117 1480
114 68 257 2780 688
2752 84 482 2153 1019 4118 4119 286 628 1747 4120 2410 3133 40 560 4065 3462 4121 617 4122 1991 168 4123
2752 4124 71 63 43 1019 4125 2183 1174 90 2000 119 189 136 79 896 293 2673 3191 1558 980 588 1196 4126 1525 475
71 464 4127 380 1416 1275 413 83 23 4128 4129 40 45 92 21 136 107 4130 296 725 4131 207 84 1012 4132 4133 27 4134 3689
117 1708 3022 2172 68 802 1238 377 2752 68 696 719 2297 77 4029 4135 3947 4136 377 114 207 805 71 4137 4138 4113 2752 71 4137 4138 4139 171 479 4140 4141 4142 473 4143 607 939 191 520 34 1630 231 2752 115 4144 1118 891 835 1598 1438 2752 2424 980 4145 4146 4147 4148
68 328 105 106 108 5 120 55 1283 2752 3626 191 2277 835 63 1049 68 278 40 4101 2115 4149 1118 314 967 40 804 529 1457 68 4150 231 1691 68 881 83 752 601 835 4151 68 4150 4120 1306 34 4152 231
63 4153 51 171 34 258 4095 23 2752 50 786 329 34 68 107 1653 2277 1708 34 257 2509 64
913 68 2507 716 849 4154 877 71 517 1252 4105 4155 34 258 1681 4109 728 191 329 2752
2752 115 4156 422 40 3003 4101 425 3003 3468
455 1019 4157 3003 785 115 2752 115 4158 4159 3282 115 4095 854
344 68 278 4160 4161 4106 4162 3003
23 68 881 1252 4105 4108 34 258 671 1315 2081 351 77 4109 34 58 4163 4146 607 620 1991 4164
4165 913 877 2752 2935 3092 171 117 114 413 4166 4167 4168 4169 1991 4170 4123 877 1019 4139 258 4171 1316 2752
4172 253 207 257
40 4173 4174 1991 2344 4175
913 3181 117 858 68 782 2752 115 671 3494
2752 3617 79 4159 3282 4095 464 4176 3488 117 1576 4177 3840 16 139 4178 125 4159 3282 1364 228 1974 4179 4095 854
23 1358 3840 4180 417
83 115 4181 4182 1681 3003 588 1196 607 1374
2258 1805 876 2752 4183 1002 588 1196 4184 1225 4185 425 1196 2405
40 974 4095 115 27 420 997 1600 4186 4187 4188 1121 397 4189 4190
2752 84 1619 2780 40 993 377 4191 973 588 4192 17 2874 1275 3208 125 607 4193 357 536 1681
115 4194 2319 117 745 68 329 228 1991 588 1196 1363 404 3504 4195
68 328 871 107 3551 1316 2752 1049 117 764 981 83 4196 231 4182
68 145 272 171 4197 856 68 782 368 84 782 1525 1103 858 50 517 4135 3947 34 2660 4198 434 4199 2752 115 4113 858 50 2752
117 480 490 702 23 68 381 782 745 34 1131 231 2752 364 40 993 377 4200 4102 4201 1498 1160 2258 4202 2478 4203 4159 3282 115 2711 4095 4204 543
117 4205 257 3785 231 380 1709 4121 728 191 91 546 65 417 671 1143 207 339 4206 4207 65 290 4208 4209 380 125 503 372 290 307 145 719 4210
151 4159 3282 2752 765 693 296 40 193 4101 4211 3003 3469 278 425 3003 3468 117 765 92 63
115 1316 2752 417 286 4108 34 3706 1505 4202 479 1681 115 114 115 482 357
2623 2467 4212 68 84 765 436 409 4213 7 219 835 4135 3947 1681 115 4214 4215 1168 3950 821 4216 2752 2206 4146 4148 4095 14 7 4217 1598 455 4205 927 4146 4148 1118 4218 1681 115 955 4219
68 427 191 329 63 172 58 4220 4221
106 4222 4223 58 4224
1598 101 260
68 109 411 1487 4225 23 68 278 4226 4227 83 115 3488 4182 68 512 231 107 83 110 413 354 26
34 417 4227 858 111 26 3450 4228 40 541 1768 752
51 1441 654 752 2025 4229 4230 959 411 1270
14 411 2623 4103 50 4231 71 351 1525 428 4229 115 4232
171 2899 1614 835 2428 4233 671 602 115 4234 356
1708 1709 1183 835 2752 1738 4235 4236 3879 1036 3315
68 843 145 1042 732 902 4237 1183 835 1344 105 835 143 171 34 1497 2752
2752 4238 4239 277 4216 83 2386 404 4240
68 427 191 329 413 40 1681 4101 607 136 115 991 938 4241
68 427 191 329 128 115 4242 15 26 63 3003 4243 417
4110 145 1991 4244 922 231 83 248 83 1196 4182
14 1708 1999 51 171 2799 368 137 1604 4245 86 1343 172 1525 404 1639 595 4246 1726 1002 171 68 145 146 231 71 904 4196 752
248 4247 4248 4249 4250 4251 4252 2752 115 3950 1681 4205 257 4253 115 482 3485 1152 68 256 101 21 114 1354 227 117 4254 3407
63 951 4255 1316 2752 702 1198 1049 991 3204 4256 296
764 14 286 628 482 4257 648 4258 288 382 1953 125 2752 4259
50 730 191 2004 171 16 83 464 1019 4260 4261 2000 115 4262 2102 4263 1416 4264 71 4265 2000 381 4266 96 407 4267 4268 4105 4269 2408 993
115 83 4270 1151 1525 1103 10 11 125 907 946 947
243 83 4271 2625 4272 1452 516 228 4273 4274 608 4275 40 2769 3147 2102 114 417
1919 3318 728 191 4276 114 4277 80 115 1161 840 231 117 858 400 1103 255 991 228 80 4270 1151 243 80 584 255 107 682
1939 567 115 108 1919 3318 0 4278 4279 4280 1524
293 115 1580 2391 191 4281 83 2244 293 115 1580 2391 191 4281 83 2244 79 115 892 4282 179 4283 21 300 136 4284
4285 2815 1260 82 83 115 1582 4286 1504 151 1843 876 179 3779 4287 1196 1043 4288 309 557 44 225 79
116 377 401 148 115 402 293 115 1580 4289 703 4290 998 1019 1230 80 81 892 877 130 2391 191 114 207 2507
68 843 288 256 2595 4291 464 2595 802 4292 712 580 4293 4294
50 115 145 1341 4295 4296 68 436 413 231 58 0 671 3488 293 752 4249
4297 293 998 4298 4299
4285 3463 34 368 107 482 4300 4301 377 27 4302 413 79 115 4303 555 1429 83 115 3814 965 4304 1840 128 762 3880 207 228 4305 4306 2025 192 143 81 405
5 6 130 1229 896 293 5 4307 21
83 115 1233 986 325 207 991 2507 595 125 4308 1474 3338 4309 296 344 238 1763 4143 207 4282 413 4310 40 95 192 108 4311 296 293 4312 400 40 2253 4313
1719 83 115 357 119 1093 63 59 1272 136 293 115 1580 4314 223 792 83 81 2902 3817
729 272 1805 2270 2271 3334 671 293 892 255 3562 413 128 79 115 1411 1072 1968 1364 179 778 3432 648 3159 231 14
68 427 191 256 3147 115 40 1968 68 427 191 256 55 127 256 115 40 1968
68 256 229 4315 63 407 117 68 256 636 115 368 96 1072 3687 259 4316
55 2042 293 364 3050 745 3632 361 7 4317 79 1203 520
248 631 293 3135 413 4318 4319 3779 642 1480 368 171 4320 3886 4321
68 843 145 90 5 1480 71 1091 4322 2500 4323 1097 4324 117 68 552 90 5 255 228 1880 1102 96 2042
115 6 2803 4325 4326 4327 1504 4328 290 4329 1582 11 4330
461 454 4331 1504 83 4283 2164 4332 131 207 490 179 180 2 386 115 4333 682 95 238 703 745 34 2134 2528 79 4334 420 4335 3837 4336 4337 4338 2990 4339 4340 2623 4341 4342 344 907 4083
1843 372 1968 4343 1411 4344 398 1236 4345 778 2185 58 631
68 1480 433 1649 16 17 77 646 938 4346 4347 58
4348 1428 82 83 80 81 1419 1074
1525 1061 82 83 80 81 1419 1074 4348 3331 560 771 617
179 1120 81 115 4349 757 1428 1483 1428 115 2406 343 1422 1415 1409 368 95 573 1361
4350 179 1882 84 253 1100 83 1477 4351 4352 64 190 351 4353 3584 4354
81 115 965 565 4355 165 17 394 2393 83 117 83 2393 88 3173 4356 617 394 2393 510 617 115 225 1361
47 4357 2517 371 2344 151 4358 4359 370 80 145 1682 301 50 353 1805 1766 253 50 34 4360 702 2101 227 21 4361 290 1326
92 1953 4362 71 65 51 927 143 207 257 5 1480 256 207 834 296 380 703 25 1766
145 1261 1259 2297 4362 71 1728 187 23 3506 588 1196 96 2287 344 23 4358 4359 4363 4364 2507 2705 1593 80 81 145 1682 669 232 1142 1150 2675 1144 1145
37 2101 1766 4362 5 427 191 125 115 145 4365 115 533 4366
116 4364 4367 47 1759 4368 231 40 4369 4370 4362
82 83 4371 79 26 472 82 83 4371 79 339 4372 791
4373 50 115 938 272 171 993 355 44 751 402 401 44 3135 282 263 1355 79 82 331 83 4374 1120 34 4375 667 4376 4377 171 4378
832 832
117 3188 4379 83 34 91 4380 282 263 81 4381 703
856 924 4382 4383 117 83 380 225 4384 419 1805 139 241 2818 3013 4385 3886
517 145 4386 1090
272 171 4387 751 4388 3956 547
40 4389 4390 1340 1072 1027 77 227 5 1131 1345 4225 856 3606 83 40 1580 130 187 591 479 506 4391 2245
44 402 328 4392 4393 79 4394 7 4395 1120 2391 191 4396 703 737 7 4397 350 5 328 1839 4398 4399 4400 753 752 17 1230 2052 4388 4401 65 342 1369 939 191 4253
63 145 1301 83 94 191 92 282 1285 1286 0 4402 34 4403 377 1826
83 1691 4404 2639 40 2377 3804 2045 588 2085 3000 789 191 146 1681 368 4405 4406 904 1508 4407 1511 231 1506 4408 1044 1045 4409 4410 1504 2814
906 1160 1837 1343 143 1305 55 4411 4412
4413 593 83 2391 191 4414 107 2874 4415 1851 4416 34 4417 2948 2651 117 1508 3175 1045 115 3998 531 4418 3515 4419
238 198 1364 145 2634 1031 113 114 4420 115 4421 3376 40 2640 1173 4422 902 81 255 4423 4424 4425 231 40 4426 947 3293 117 427 191 745 228 197 329 114 381 113 83 4427 4428 495 751 1172 344 4 328 839 4429 231 4430 1708 34 4431 4432 1295 4433 2377 1258 3331 853 751 1120
400 63 145 13 80 81 4434 628
115 27 171 751 180 1166 4435 1524 3109 4436 371 1151 21 136 876 3815 645 1121 889 3208 1806 4437 557 60 3570
232 860 980 4438 1472 234 63 372 4439 441 799 4112 998 40 4440 3820 2051 4441 4442 1633 107 4443 253 1429
913 100 115 3258 171 26 4444 106 94 2086 568 4445 361 205 4446 4447 4448 117 1954 40 4449 2999 2591 371 827 23 83 1183 264 60 2507 603 328 4450 1019 4451 17 1019 186 325 2549 1458 4452 568 4453 71 4454 2740 659 255 4455 497 4456 4457 44 3800
80 81 4458
117 4459 228 846 71 290 864 865 1160 927 238 876
4 516 691 927 2319 1198 4460 583 4461 40 860 4102 4462 1396 267 296 40 2254 445 703 993 81 1396 1121 4463 88 3941 3450 4464 591 592
21 3135 887 83 115 4465 81 752 205 628 2203 4466 2413 4467 783 4468 2003 3173
63 2391 191 491 947 4469 4470 238 1472 1174 2739 125 592 4471 3056 3057
114 115 533 40 1519 1081 858 50 115 691 83 115 4472 436 613 136 4473 1081 4474 151 4474
307 1388 400
4 1125 517 223 4475 932 4476 1160 375 3687 4477
117 143 83 4478 583 1396 881 145 272 413 3232 2183 115 364 2258
80 81 3442 80 83 115 4479 4480 4481 51 4482 762 88 1498 1398 861 4483 4484
117 115 4485 4486 179 778 1198 3293 4487 557 4248 4488 187 1508 3175 1045 115 2254 413 945 255 4489 339 4490 2102 3883 1120 222 1305 4491 83 115 4492 255 354 296 694 907 4493 3071 3109 115 4494 82 83 115 235 2917
960 1573 83 4495 3874 3875
117 719 2888 197 2101 2102 139 737 115 272 993 2075 137 355 296 145 409
